0.000  0.007
0.040  0.007
0.080  0.007
0.120  0.007
0.160  0.007
0.200  0.007
0.240  0.007
0.280  -0.001
0.320  0.007
0.360  0.007
0.400  0.007
0.440  -0.001
0.480  0.007
0.520  -0.001
0.560  0.007
0.600  0.007
0.640  0.007
0.680  0.007
0.720  0.007
0.760  0.007
0.800  0.007
0.840  0.007
0.880  0.007
0.920  0.007
0.960  0.007
1.000  0.007
1.040  0.007
1.080  0.007
1.120  0.007
1.160  0.007
1.200  0.007
1.240  0.007
1.280  0.007
1.320  0.007
1.360  0.007
1.400  0.007
1.440  0.007
1.480  0.007
1.520  0.007
1.560  0.007
1.600  0.007
1.640  0.007
1.680  -0.001
1.720  0.007
1.760  0.007
1.800  0.007
1.840  0.007
1.880  0.007
1.920  -0.001
1.960  0.007
2.000  0.007
2.040  0.007
2.080  0.007
2.120  0.007
2.160  0.007
2.200  0.007
2.240  0.007
2.280  0.007
2.320  0.007
2.360  0.007
2.400  0.007
2.440  0.007
2.480  0.007
2.520  0.007
2.560  0.007
2.600  0.007
2.640  0.007
2.680  0.007
2.720  0.007
2.760  0.007
2.800  0.007
2.840  0.007
2.880  0.007
2.920  -0.001
2.960  0.007
3.000  0.007
3.040  0.007
3.080  0.007
3.120  0.007
3.160  0.007
3.200  0.007
3.240  0.007
3.280  0.007
3.320  0.007
3.360  0.007
3.400  0.007
3.440  3.755
3.480  3.747
3.520  3.747
3.560  3.755
3.600  3.747
3.640  3.747
3.680  3.747
3.720  3.747
3.760  3.747
3.800  3.755
3.840  3.747
3.880  3.747
3.920  3.747
3.960  3.747
4.000  3.747
4.040  3.747
4.080  3.755
4.120  3.747
4.160  3.747
4.200  3.747
4.240  3.747
4.280  3.755
4.320  3.747
4.360  3.747
4.400  3.755
4.440  3.747
4.480  3.747
4.520  3.747
4.560  3.747
4.600  3.747
4.640  3.747
4.680  3.747
4.720  3.755
4.760  3.747
4.800  3.747
4.840  3.755
4.880  3.747
4.920  3.755
4.960  3.747
5.000  3.747
5.040  3.755
5.080  3.755
5.120  3.755
5.160  3.747
5.200  3.747
5.240  3.755
5.280  3.747
5.320  3.747
5.360  3.747
5.400  3.747
5.440  3.747
5.480  3.747
5.520  3.747
5.560  3.755
5.600  3.755
5.640  3.747
5.680  3.755
5.720  3.747
5.760  3.755
5.800  3.755
5.840  3.747
5.880  3.755
5.920  3.747
5.960  3.747
6.000  3.755
6.040  3.747
6.080  3.755
6.120  3.747
6.160  3.747
6.200  3.755
6.240  3.747
6.280  3.747
6.320  3.755
6.360  3.755
6.400  3.747
6.440  3.755
6.480  3.747
6.520  3.747
6.560  3.747
6.600  3.747
6.640  3.747
6.680  3.747
6.720  3.747
6.760  3.747
6.800  3.747
6.840  3.755
6.880  3.747
6.920  3.755
6.960  3.755
7.000  3.747
7.040  3.747
7.080  3.747
7.120  3.747
7.160  3.755
7.200  3.747
7.240  3.747
7.280  3.747
7.320  3.747
7.360  3.747
7.400  3.747
7.440  3.747
7.480  3.747
7.520  3.747
7.560  3.747
7.600  3.747
7.640  3.747
7.680  3.747
7.720  3.755
7.760  3.747
7.800  3.755
7.840  3.755
7.880  3.747
7.920  3.747
7.960  3.747
8.000  3.755
8.040  3.747
8.080  3.747
8.120  3.755
8.160  3.747
8.200  3.747
8.240  3.747
8.280  3.747
8.320  3.755
8.360  3.747
8.400  3.747
8.440  3.755
8.480  3.747
8.520  3.747
8.560  3.747
8.600  3.747
8.640  3.747
8.680  3.747
8.720  3.747
8.760  3.755
8.800  3.747
8.840  3.747
8.880  3.755
8.920  3.755
8.960  3.747
9.000  3.747
9.040  3.747
9.080  3.755
9.120  3.747
9.160  3.747
9.200  3.747
9.240  3.747
9.280  3.747
9.320  3.755
9.360  3.747
9.400  3.747
9.440  3.747
9.480  3.747
9.520  3.755
9.560  3.747
9.600  3.755
9.640  3.747
9.680  3.747
9.720  3.755
9.760  3.747
9.800  3.755
9.840  3.747
9.880  3.747
9.920  3.755
9.960  3.747
10.000  3.747
10.040  3.755
10.080  3.755
10.120  3.755
10.160  3.747
10.200  3.747
10.240  3.755
10.280  3.747
10.320  3.747
10.360  3.747
10.400  3.747
10.440  3.755
10.480  3.755
10.520  3.747
10.560  3.747
10.600  3.755
10.640  3.747
10.680  3.747
10.720  3.755
10.760  3.747
10.800  3.747
10.840  3.747
10.880  3.747
10.920  3.755
10.960  3.747
11.000  3.755
11.040  3.747
11.080  3.747
11.120  3.755
11.160  3.747
11.200  3.755
11.240  3.755
11.280  0.007
11.320  0.007
11.360  0.007
11.400  0.007
11.440  0.007
11.480  0.007
11.520  0.007
11.560  0.007
11.600  0.007
11.640  0.007
11.680  0.007
11.720  0.007
11.760  0.007
11.800  0.007
11.840  0.007
11.880  0.007
11.920  0.007
11.960  0.007
12.000  0.007
12.040  0.007
12.080  0.007
12.120  0.007
12.160  0.007
12.200  0.007
12.240  0.007
12.280  0.007
12.320  -0.001
12.360  0.007
12.400  0.007
12.440  0.007
12.480  -0.001
12.520  0.007
12.560  0.007
12.600  0.007
12.640  0.007
12.680  0.007
12.720  0.007
12.760  0.007
12.800  0.007
12.840  0.007
12.880  0.007
12.920  0.007
12.960  0.007
13.000  0.007
13.040  0.007
13.080  0.007
13.120  0.007
13.160  0.007
13.200  0.007
13.240  0.007
13.280  0.007
13.320  0.007
13.360  0.007
13.400  0.007
13.440  0.007
13.480  0.007
13.520  0.007
13.560  0.007
13.600  0.007
13.640  0.007
13.680  0.007
13.720  0.007
13.760  0.007
13.800  0.007
13.840  0.007
13.880  0.007
13.920  0.007
13.960  0.007
14.000  0.007
14.040  0.007
14.080  0.007
14.120  0.007
14.160  -0.001
14.200  0.007
14.240  0.007
14.280  0.007
14.320  0.007
14.360  0.007
14.400  0.007
14.440  0.007
14.480  0.007
14.520  0.007
14.560  0.007
14.600  0.007
14.640  0.007
14.680  0.007
14.720  0.007
14.760  0.007
14.800  0.007
14.840  0.007
14.880  0.007
14.920  0.007
14.960  0.007
15.000  0.007
15.040  0.007
15.080  0.007
15.120  0.007
15.160  0.007
15.200  0.007
15.240  0.007
15.280  0.007
15.320  0.007
15.360  0.007
15.400  0.007
15.440  0.007
15.480  -0.001
15.520  0.007
15.560  0.007
15.600  0.007
15.640  0.007
15.680  0.007
15.720  0.007
15.760  0.007
15.800  0.007
15.840  0.007
15.880  0.007
15.920  0.007
15.960  -0.001
16.000  0.007
16.040  0.007
16.080  0.007
16.120  0.007
16.160  0.007
16.200  0.007
16.240  0.007
16.280  0.007
16.320  0.007
16.360  0.007
16.400  0.007
16.440  0.007
16.480  0.007
16.520  0.007
16.560  0.007
16.600  0.007
16.640  0.007
16.680  0.007
16.720  0.007
16.760  0.007
16.800  -0.001
16.840  0.007
16.880  0.007
16.920  0.007
16.960  0.007
17.000  -0.001
17.040  0.007
17.080  0.007
17.120  0.007
17.160  0.007
17.200  -0.001
17.240  0.007
17.280  0.007
17.320  0.007
17.360  0.007
17.400  0.007
17.440  0.007
17.480  0.007
17.520  0.007
17.560  0.007
17.600  0.007
17.640  0.007
17.680  0.007
17.720  0.007
17.760  0.007
17.800  0.007
17.840  0.007
17.880  0.007
17.920  0.007
17.960  0.007
18.000  0.007
18.040  0.007
18.080  0.007
18.120  0.007
18.160  0.007
18.200  0.007
18.240  0.007
18.280  0.007
18.320  0.007
18.360  0.007
18.400  0.007
18.440  3.747
18.480  3.755
18.520  3.747
18.560  3.747
18.600  3.747
18.640  3.755
18.680  3.755
18.720  3.747
18.760  3.747
18.800  3.755
18.840  3.747
18.880  3.747
18.920  3.755
18.960  3.747
19.000  3.755
19.040  3.747
19.080  3.747
19.120  3.747
19.160  3.747
19.200  3.747
19.240  3.747
19.280  3.747
19.320  3.755
19.360  3.747
19.400  3.747
19.440  3.747
19.480  3.747
19.520  3.747
19.560  3.747
19.600  3.747
19.640  3.747
19.680  3.747
19.720  3.747
19.760  3.755
19.800  3.747
19.840  3.755
19.880  3.755
19.920  3.747
19.960  3.755

0.000  2.280
0.040  2.272
0.080  2.264
0.120  2.256
0.160  2.248
0.200  2.240
0.240  2.232
0.280  2.224
0.320  2.216
0.360  2.207
0.400  2.191
0.440  2.191
0.480  2.175
0.520  2.167
0.560  2.167
0.600  2.151
0.640  2.151
0.680  2.143
0.720  2.127
0.760  2.127
0.800  2.111
0.840  2.111
0.880  2.102
0.920  2.094
0.960  2.086
1.000  2.070
1.040  2.062
1.080  2.062
1.120  2.054
1.160  2.046
1.200  2.038
1.240  2.030
1.280  2.022
1.320  2.014
1.360  2.006
1.400  1.997
1.440  1.989
1.480  1.981
1.520  1.973
1.560  1.965
1.600  1.957
1.640  1.949
1.680  1.941
1.720  1.941
1.760  1.933
1.800  1.925
1.840  1.917
1.880  1.909
1.920  1.901
1.960  1.893
2.000  1.884
2.040  1.884
2.080  1.876
2.120  1.860
2.160  1.860
2.200  1.852
2.240  1.844
2.280  1.836
2.320  1.828
2.360  1.828
2.400  1.820
2.440  1.812
2.480  1.804
2.520  1.796
2.560  1.796
2.600  1.796
2.640  1.779
2.680  1.771
2.720  1.763
2.760  1.755
2.800  1.755
2.840  1.739
2.880  1.739
2.920  1.731
2.960  1.731
3.000  1.715
3.040  1.715
3.080  1.707
3.120  1.699
3.160  1.691
3.200  1.691
3.240  1.683
3.280  1.674
3.320  1.658
3.360  1.658
3.400  1.658
3.440  1.658
3.480  1.674
3.520  1.691
3.560  1.699
3.600  1.715
3.640  1.731
3.680  1.731
3.720  1.747
3.760  1.763
3.800  1.771
3.840  1.796
3.880  1.796
3.920  1.804
3.960  1.820
4.000  1.828
4.040  1.844
4.080  1.852
4.120  1.868
4.160  1.876
4.200  1.893
4.240  1.901
4.280  1.909
4.320  1.925
4.360  1.933
4.400  1.941
4.440  1.957
4.480  1.965
4.520  1.973
4.560  1.989
4.600  1.997
4.640  2.006
4.680  2.022
4.720  2.030
4.760  2.030
4.800  2.046
4.840  2.062
4.880  2.070
4.920  2.086
4.960  2.094
5.000  2.102
5.040  2.111
5.080  2.119
5.120  2.135
5.160  2.143
5.200  2.151
5.240  2.159
5.280  2.175
5.320  2.183
5.360  2.191
5.400  2.199
5.440  2.216
5.480  2.224
5.520  2.232
5.560  2.248
5.600  2.248
5.640  2.256
5.680  2.272
5.720  2.280
5.760  2.288
5.800  2.304
5.840  2.304
5.880  2.304
5.920  2.329
5.960  2.337
6.000  2.337
6.040  2.353
6.080  2.369
6.120  2.369
6.160  2.377
6.200  2.385
6.240  2.401
6.280  2.409
6.320  2.417
6.360  2.425
6.400  2.442
6.440  2.442
6.480  2.450
6.520  2.458
6.560  2.466
6.600  2.482
6.640  2.490
6.680  2.506
6.720  2.506
6.760  2.514
6.800  2.514
6.840  2.530
6.880  2.538
6.920  2.547
6.960  2.555
7.000  2.563
7.040  2.563
7.080  2.563
7.120  2.563
7.160  2.595
7.200  2.603
7.240  2.611
7.280  2.627
7.320  2.627
7.360  2.635
7.400  2.643
7.440  2.660
7.480  2.668
7.520  2.668
7.560  2.676
7.600  2.684
7.640  2.692
7.680  2.692
7.720  2.708
7.760  2.716
7.800  2.724
7.840  2.732
7.880  2.740
7.920  2.748
7.960  2.756
8.000  2.765
8.040  2.773
8.080  2.781
8.120  2.789
8.160  2.797
8.200  2.805
8.240  2.805
8.280  2.813
8.320  2.829
8.360  2.829
8.400  2.837
8.440  2.845
8.480  2.853
8.520  2.861
8.560  2.869
8.600  2.878
8.640  2.886
8.680  2.886
8.720  2.894
8.760  2.902
8.800  2.910
8.840  2.918
8.880  2.926
8.920  2.934
8.960  2.942
9.000  2.942
9.040  2.950
9.080  2.958
9.120  2.966
9.160  2.974
9.200  2.982
9.240  2.991
9.280  2.991
9.320  2.999
9.360  3.007
9.400  3.015
9.440  3.023
9.480  3.031
9.520  3.031
9.560  3.039
9.600  3.047
9.640  3.055
9.680  3.055
9.720  3.063
9.760  3.071
9.800  3.079
9.840  3.087
9.880  3.087
9.920  3.095
9.960  3.104
10.000  3.112
10.040  3.120
10.080  3.120
10.120  3.128
10.160  3.136
10.200  3.136
10.240  3.152
10.280  3.152
10.320  3.160
10.360  3.168
10.400  3.168
10.440  3.176
10.480  3.184
10.520  3.184
10.560  3.200
10.600  3.200
10.640  3.208
10.680  3.208
10.720  3.216
10.760  3.225
10.800  3.233
10.840  3.233
10.880  3.241
10.920  3.249
10.960  3.257
11.000  3.265
11.040  3.265
11.080  3.273
11.120  3.281
11.160  3.281
11.200  3.289
11.240  3.297
11.280  3.289
11.320  3.273
11.360  3.257
11.400  3.241
11.440  3.233
11.480  3.216
11.520  3.200
11.560  3.192
11.600  3.176
11.640  3.168
11.680  3.152
11.720  3.136
11.760  3.128
11.800  3.112
11.840  3.104
11.880  3.087
11.920  3.079
11.960  3.063
12.000  3.055
12.040  3.039
12.080  3.031
12.120  3.015
12.160  3.007
12.200  2.991
12.240  2.982
12.280  2.966
12.320  2.958
12.360  2.942
12.400  2.934
12.440  2.926
12.480  2.910
12.520  2.902
12.560  2.886
12.600  2.878
12.640  2.869
12.680  2.853
12.720  2.845
12.760  2.829
12.800  2.829
12.840  2.813
12.880  2.797
12.920  2.789
12.960  2.781
13.000  2.765
13.040  2.756
13.080  2.748
13.120  2.732
13.160  2.724
13.200  2.716
13.240  2.700
13.280  2.692
13.320  2.684
13.360  2.676
13.400  2.660
13.440  2.651
13.480  2.643
13.520  2.627
13.560  2.627
13.600  2.611
13.640  2.595
13.680  2.595
13.720  2.563
13.760  2.563
13.800  2.563
13.840  2.547
13.880  2.538
13.920  2.530
13.960  2.522
14.000  2.514
14.040  2.506
14.080  2.506
14.120  2.482
14.160  2.466
14.200  2.466
14.240  2.450
14.280  2.442
14.320  2.442
14.360  2.425
14.400  2.417
14.440  2.409
14.480  2.401
14.520  2.385
14.560  2.377
14.600  2.369
14.640  2.361
14.680  2.353
14.720  2.337
14.760  2.337
14.800  2.320
14.840  2.304
14.880  2.304
14.920  2.296
14.960  2.288
15.000  2.280
15.040  2.272
15.080  2.264
15.120  2.256
15.160  2.248
15.200  2.240
15.240  2.232
15.280  2.224
15.320  2.207
15.360  2.207
15.400  2.191
15.440  2.191
15.480  2.175
15.520  2.175
15.560  2.159
15.600  2.151
15.640  2.143
15.680  2.135
15.720  2.127
15.760  2.119
15.800  2.111
15.840  2.102
15.880  2.094
15.920  2.086
15.960  2.078
16.000  2.078
16.040  2.062
16.080  2.054
16.120  2.054
16.160  2.046
16.200  2.038
16.240  2.030
16.280  2.022
16.320  2.014
16.360  2.006
16.400  1.997
16.440  1.989
16.480  1.981
16.520  1.973
16.560  1.965
16.600  1.957
16.640  1.949
16.680  1.949
16.720  1.941
16.760  1.933
16.800  1.925
16.840  1.917
16.880  1.909
16.920  1.901
16.960  1.893
17.000  1.884
17.040  1.884
17.080  1.868
17.120  1.868
17.160  1.860
17.200  1.852
17.240  1.844
17.280  1.836
17.320  1.828
17.360  1.820
17.400  1.820
17.440  1.812
17.480  1.804
17.520  1.796
17.560  1.796
17.600  1.796
17.640  1.779
17.680  1.771
17.720  1.763
17.760  1.763
17.800  1.755
17.840  1.747
17.880  1.739
17.920  1.731
17.960  1.731
18.000  1.715
18.040  1.715
18.080  1.707
18.120  1.699
18.160  1.691
18.200  1.691
18.240  1.674
18.280  1.674
18.320  1.658
18.360  1.658
18.400  1.658
18.440  1.658
18.480  1.674
18.520  1.691
18.560  1.707
18.600  1.715
18.640  1.731
18.680  1.739
18.720  1.755
18.760  1.763
18.800  1.779
18.840  1.796
18.880  1.804
18.920  1.812
18.960  1.820
19.000  1.836
19.040  1.844
19.080  1.860
19.120  1.868
19.160  1.884
19.200  1.893
19.240  1.901
19.280  1.917
19.320  1.925
19.360  1.933
19.400  1.949
19.440  1.957
19.480  1.965
19.520  1.981
19.560  1.989
19.600  1.997
19.640  2.014
19.680  2.022
19.720  2.030
19.760  2.046
19.800  2.054
19.840  2.062
19.880  2.078
19.920  2.086
19.960  2.094

