0.000  3.747
0.200  3.755
0.400  3.755
0.600  3.755
0.800  3.747
1.000  3.747
1.200  3.747
1.400  3.747
1.600  3.755
1.800  3.755
2.000  3.747
2.200  3.747
2.400  3.747
2.600  3.755
2.800  3.747
3.000  3.747
3.200  3.755
3.400  3.747
3.600  3.747
3.800  3.755
4.000  3.747
4.200  3.755
4.400  3.747
4.600  3.755
4.800  3.747
5.000  3.747
5.200  3.755
5.400  3.747
5.600  3.747
5.800  3.747
6.000  3.747
6.200  3.747
6.400  3.755
6.600  3.755
6.800  3.755
7.000  3.755
7.200  3.747
7.400  3.747
7.600  3.747
7.800  3.747
8.000  3.747
8.200  3.755
8.400  3.755
8.600  3.755
8.800  3.747
9.000  3.747
9.200  3.747
9.400  3.747
9.600  3.747
9.800  3.755
10.000  3.755
10.200  3.747
10.400  0.007
10.600  0.007
10.800  0.007
11.000  0.007
11.200  0.007
11.400  0.007
11.600  0.007
11.800  0.007
12.000  0.007
12.200  0.007
12.400  0.007
12.600  0.007
12.800  0.007
13.000  -0.001
13.200  0.007
13.400  -0.001
13.600  -0.001
13.800  0.007
14.000  0.007
14.200  -0.001
14.400  0.007
14.600  0.007
14.800  0.007
15.000  0.007
15.200  0.007
15.400  -0.001
15.600  0.007
15.800  0.007
16.000  0.007
16.200  -0.001
16.400  -0.001
16.600  -0.001
16.800  0.007
17.000  0.007
17.200  3.747
17.400  3.747
17.600  3.755
17.800  3.755
18.000  3.755
18.200  3.747
18.400  3.755
18.600  3.747
18.800  3.747
19.000  3.747
19.200  3.747
19.400  3.755
19.600  3.747
19.800  3.755
20.000  3.755
20.200  3.747
20.400  3.747
20.600  3.755
20.800  3.755
21.000  3.755
21.200  3.747
21.400  3.747
21.600  3.747
21.800  3.755
22.000  3.755
22.200  3.747
22.400  3.747
22.600  3.755
22.800  3.755
23.000  3.755
23.200  3.747
23.400  3.755
23.600  3.747
23.800  3.755
24.000  3.747
24.200  3.755
24.400  3.755
24.600  3.755
24.800  3.747
25.000  3.747
25.200  3.747
25.400  3.747
25.600  3.747
25.800  3.755
26.000  3.755
26.200  3.747
26.400  3.747
26.600  3.747
26.800  3.755
27.000  3.747
27.200  3.747
27.400  3.747
27.600  3.755
27.800  3.755
28.000  3.747
28.200  3.747
28.400  3.755
28.600  3.755
28.800  3.755
29.000  3.747
29.200  3.755
29.400  3.747
29.600  3.747
29.800  3.747
30.000  3.755
30.200  3.747
30.400  3.747
30.600  3.747
30.800  3.755
31.000  3.747
31.200  3.747
31.400  0.007
31.600  0.007
31.800  -0.001
32.000  0.007
32.200  -0.001
32.400  0.007
32.600  -0.001
32.800  0.007
33.000  0.007
33.200  0.007
33.400  0.007
33.600  0.007
33.800  0.007
34.000  0.007
34.200  0.007
34.400  0.007
34.600  0.007
34.800  0.007
35.000  0.007
35.200  0.007
35.400  0.007
35.600  0.007
35.800  0.007
36.000  0.007
36.200  0.007
36.400  -0.001
36.600  0.007
36.800  0.007
37.000  0.007
37.200  -0.001
37.400  0.007
37.600  -0.001
37.800  0.007
38.000  0.007
38.200  0.007
38.400  3.755
38.600  3.755
38.800  3.755
39.000  3.747
39.200  3.747
39.400  3.747
39.600  3.747
39.800  3.755
40.000  3.747
40.200  3.755
40.400  3.755
40.600  3.747
40.800  3.747
41.000  3.755
41.200  3.747
41.400  3.747
41.600  3.755
41.800  3.755
42.000  3.747
42.200  3.747
42.400  3.747
42.600  3.747
42.800  3.747
43.000  3.747
43.200  3.747
43.400  3.747
43.600  3.755
43.800  3.747
44.000  3.747
44.200  3.747
44.400  3.755
44.600  3.747
44.800  3.755
45.000  3.747
45.200  3.755
45.400  3.755
45.600  3.747
45.800  3.747
46.000  3.747
46.200  3.747
46.400  3.747
46.600  3.747
46.800  3.755
47.000  3.747
47.200  3.747
47.400  3.747
47.600  3.747
47.800  3.747
48.000  3.747
48.200  3.747
48.400  3.747
48.600  3.747
48.800  3.747
49.000  3.747
49.200  3.747
49.400  3.747
49.600  3.747
49.800  3.747
50.000  3.755
50.200  3.747
50.400  3.747
50.600  3.747
50.800  3.747
51.000  3.747
51.200  3.755
51.400  3.755
51.600  3.755
51.800  3.747
52.000  3.747
52.200  3.747
52.400  3.747
52.600  -0.001
52.800  0.007
53.000  0.007
53.200  0.007
53.400  0.007
53.600  0.007
53.800  0.007
54.000  0.007
54.200  -0.001
54.400  0.007
54.600  0.007
54.800  0.007
55.000  0.007
55.200  0.007
55.400  0.007
55.600  0.007
55.800  -0.001
56.000  0.007
56.200  0.007
56.400  0.007
56.600  0.007
56.800  0.007
57.000  -0.001
57.200  0.007
57.400  0.007
57.600  0.007
57.800  0.007
58.000  0.007
58.200  0.007
58.400  0.007
58.600  0.007
58.800  0.007
59.000  0.007
59.200  0.007
59.400  3.755
59.600  3.755
59.800  3.747
60.000  3.747
60.200  3.747
60.400  3.747
60.600  3.747
60.800  3.747
61.000  3.747
61.200  3.755
61.400  3.755
61.600  3.747
61.800  3.747
62.000  3.747
62.200  3.747
62.400  3.755
62.600  3.755
62.800  3.755
63.000  3.755
63.200  3.747
63.400  3.747
63.600  3.755
63.800  3.747
64.000  3.747
64.200  3.747
64.400  3.755
64.600  3.747
64.800  3.747
65.000  3.747
65.200  3.747
65.400  3.747
65.600  3.747
65.800  3.755
66.000  3.755
66.200  3.755
66.400  3.755
66.600  3.747
66.800  3.755
67.000  3.747
67.200  3.747
67.400  3.747
67.600  3.755
67.800  3.747
68.000  3.755
68.200  3.747
68.400  3.755
68.600  3.755
68.800  3.755
69.000  3.755
69.200  3.747
69.400  3.755
69.600  3.747
69.800  3.755
70.000  3.755
70.200  3.747
70.400  3.755
70.600  3.747
70.800  3.747
71.000  3.755
71.200  3.747
71.400  3.747
71.600  3.747
71.800  3.747
72.000  3.755
72.200  3.747
72.400  3.755
72.600  3.747
72.800  3.747
73.000  3.755
73.200  3.747
73.400  3.747
73.600  0.007
73.800  -0.001
74.000  0.007
74.200  0.007
74.400  0.007
74.600  0.007
74.800  0.007
75.000  0.007
75.200  -0.001
75.400  0.007
75.600  0.007
75.800  0.007
76.000  0.007
76.200  0.007
76.400  0.007
76.600  -0.001
76.800  0.007
77.000  0.007
77.200  0.007
77.400  0.007
77.600  0.007
77.800  0.007
78.000  0.007
78.200  -0.001
78.400  0.007
78.600  0.007
78.800  0.007
79.000  0.007
79.200  0.007
79.400  0.007
79.600  0.007
79.800  0.007
80.000  0.007
80.200  -0.001
80.400  3.755
80.600  3.747
80.800  3.747
81.000  3.755
81.200  3.747
81.400  3.747
81.600  3.747
81.800  3.755
82.000  3.755
82.200  3.755
82.400  3.755
82.600  3.747
82.800  3.747
83.000  3.755
83.200  3.747
83.400  3.755
83.600  3.755
83.800  3.755
84.000  3.755
84.200  3.747
84.400  3.747
84.600  3.755
84.800  3.747
85.000  3.755
85.200  3.755
85.400  3.755
85.600  3.747
85.800  3.747
86.000  3.747
86.200  3.755
86.400  3.747
86.600  3.755
86.800  3.755
87.000  3.755
87.200  3.747
87.400  3.747
87.600  3.755
87.800  3.747
88.000  3.755
88.200  3.747
88.400  3.755
88.600  3.747
88.800  3.747
89.000  3.747
89.200  3.747
89.400  3.755
89.600  3.755
89.800  3.755
90.000  3.755
90.200  3.747
90.400  3.747
90.600  3.747
90.800  3.747
91.000  3.747
91.200  3.755
91.400  3.755
91.600  3.755
91.800  3.755
92.000  3.755
92.200  3.747
92.400  3.747
92.600  3.747
92.800  3.755
93.000  3.747
93.200  3.747
93.400  3.747
93.600  3.747
93.800  3.755
94.000  3.747
94.200  3.747
94.400  3.747
94.600  3.755
94.800  0.007
95.000  -0.001
95.200  0.007
95.400  0.007
95.600  0.007
95.800  0.007
96.000  0.007
96.200  0.007
96.400  0.007
96.600  0.007
96.800  -0.001
97.000  0.007
97.200  -0.001
97.400  0.007
97.600  -0.001
97.800  0.007
98.000  0.007
98.200  -0.001
98.400  0.007
98.600  0.007
98.800  0.007
99.000  0.007
99.200  0.007
99.400  -0.001
99.600  0.007
99.800  0.007

0.000  2.256
0.200  2.280
0.400  2.304
0.600  2.337
0.800  2.361
1.000  2.377
1.200  2.409
1.400  2.442
1.600  2.450
1.800  2.482
2.000  2.506
2.200  2.530
2.400  2.547
2.600  2.563
2.800  2.595
3.000  2.619
3.200  2.643
3.400  2.668
3.600  2.684
3.800  2.708
4.000  2.724
4.200  2.748
4.400  2.773
4.600  2.789
4.800  2.813
5.000  2.829
5.200  2.853
5.400  2.869
5.600  2.894
5.800  2.910
6.000  2.926
6.200  2.950
6.400  2.966
6.600  2.991
6.800  3.007
7.000  3.023
7.200  3.039
7.400  3.063
7.600  3.079
7.800  3.095
8.000  3.112
8.200  3.128
8.400  3.144
8.600  3.160
8.800  3.176
9.000  3.192
9.200  3.208
9.400  3.225
9.600  3.241
9.800  3.257
10.000  3.281
10.200  3.289
10.400  3.257
10.600  3.184
10.800  3.120
11.000  3.055
11.200  2.991
11.400  2.934
11.600  2.878
11.800  2.813
12.000  2.765
12.200  2.692
12.400  2.643
12.600  2.595
12.800  2.547
13.000  2.498
13.200  2.442
13.400  2.393
13.600  2.345
13.800  2.296
14.000  2.256
14.200  2.207
14.400  2.167
14.600  2.119
14.800  2.078
15.000  2.038
15.200  1.997
15.400  1.957
15.600  1.925
15.800  1.884
16.000  1.844
16.200  1.804
16.400  1.779
16.600  1.739
16.800  1.707
17.000  1.666
17.200  1.658
17.400  1.699
17.600  1.739
17.800  1.771
18.000  1.804
18.200  1.836
18.400  1.868
18.600  1.893
18.800  1.925
19.000  1.957
19.200  1.989
19.400  2.022
19.600  2.054
19.800  2.078
20.000  2.102
20.200  2.135
20.400  2.159
20.600  2.191
20.800  2.216
21.000  2.248
21.200  2.272
21.400  2.288
21.600  2.304
21.800  2.345
22.000  2.369
22.200  2.393
22.400  2.417
22.600  2.442
22.800  2.466
23.000  2.490
23.200  2.514
23.400  2.538
23.600  2.563
23.800  2.563
24.000  2.611
24.200  2.627
24.400  2.660
24.600  2.676
24.800  2.692
25.000  2.716
25.200  2.740
25.400  2.765
25.600  2.781
25.800  2.805
26.000  2.829
26.200  2.837
26.400  2.861
26.600  2.886
26.800  2.902
27.000  2.918
27.200  2.942
27.400  2.958
27.600  2.982
27.800  2.999
28.000  3.015
28.200  3.031
28.400  3.047
28.600  3.071
28.800  3.087
29.000  3.104
29.200  3.120
29.400  3.136
29.600  3.152
29.800  3.168
30.000  3.184
30.200  3.200
30.400  3.216
30.600  3.241
30.800  3.249
31.000  3.265
31.200  3.281
31.400  3.289
31.600  3.216
31.800  3.152
32.000  3.087
32.200  3.023
32.400  2.966
32.600  2.902
32.800  2.845
33.000  2.789
33.200  2.724
33.400  2.676
33.600  2.619
33.800  2.563
34.000  2.522
34.200  2.466
34.400  2.417
34.600  2.369
34.800  2.304
35.000  2.280
35.200  2.232
35.400  2.191
35.600  2.143
35.800  2.102
36.000  2.054
36.200  2.022
36.400  1.981
36.600  1.941
36.800  1.901
37.000  1.868
37.200  1.828
37.400  1.796
37.600  1.755
37.800  1.731
38.000  1.691
38.200  1.658
38.400  1.691
38.600  1.731
38.800  1.763
39.000  1.796
39.200  1.820
39.400  1.852
39.600  1.884
39.800  1.917
40.000  1.949
40.200  1.973
40.400  2.006
40.600  2.038
40.800  2.062
41.000  2.094
41.200  2.119
41.400  2.151
41.600  2.175
41.800  2.207
42.000  2.232
42.200  2.256
42.400  2.280
42.600  2.304
42.800  2.337
43.000  2.361
43.200  2.385
43.400  2.409
43.600  2.442
43.800  2.458
44.000  2.482
44.200  2.506
44.400  2.530
44.600  2.555
44.800  2.563
45.000  2.595
45.200  2.619
45.400  2.643
45.600  2.668
45.800  2.692
46.000  2.708
46.200  2.732
46.400  2.748
46.600  2.773
46.800  2.797
47.000  2.813
47.200  2.837
47.400  2.853
47.600  2.878
47.800  2.894
48.000  2.910
48.200  2.934
48.400  2.950
48.600  2.966
48.800  2.991
49.000  3.007
49.200  3.023
49.400  3.039
49.600  3.063
49.800  3.079
50.000  3.095
50.200  3.112
50.400  3.128
50.600  3.144
50.800  3.160
51.000  3.176
51.200  3.192
51.400  3.208
51.600  3.233
51.800  3.241
52.000  3.257
52.200  3.281
52.400  3.289
52.600  3.241
52.800  3.176
53.000  3.104
53.200  3.039
53.400  2.982
53.600  2.918
53.800  2.861
54.000  2.805
54.200  2.748
54.400  2.692
54.600  2.635
54.800  2.563
55.000  2.530
55.200  2.482
55.400  2.442
55.600  2.377
55.800  2.337
56.000  2.288
56.200  2.248
56.400  2.199
56.600  2.151
56.800  2.111
57.000  2.070
57.200  2.030
57.400  1.989
57.600  1.949
57.800  1.917
58.000  1.876
58.200  1.836
58.400  1.804
58.600  1.763
58.800  1.731
59.000  1.699
59.200  1.658
59.400  1.674
59.600  1.715
59.800  1.747
60.000  1.779
60.200  1.812
60.400  1.844
60.600  1.876
60.800  1.909
61.000  1.933
61.200  1.965
61.400  1.997
61.600  2.022
61.800  2.054
62.000  2.086
62.200  2.111
62.400  2.143
62.600  2.167
62.800  2.199
63.000  2.224
63.200  2.248
63.400  2.272
63.600  2.304
63.800  2.320
64.000  2.353
64.200  2.377
64.400  2.401
64.600  2.425
64.800  2.450
65.000  2.466
65.200  2.506
65.400  2.522
65.600  2.547
65.800  2.563
66.000  2.595
66.200  2.611
66.400  2.635
66.600  2.660
66.800  2.684
67.000  2.692
67.200  2.724
67.400  2.748
67.600  2.765
67.800  2.781
68.000  2.805
68.200  2.829
68.400  2.845
68.600  2.861
68.800  2.886
69.000  2.902
69.200  2.926
69.400  2.942
69.600  2.958
69.800  2.982
70.000  2.999
70.200  3.023
70.400  3.039
70.600  3.055
70.800  3.071
71.000  3.087
71.200  3.104
71.400  3.120
71.600  3.136
71.800  3.160
72.000  3.176
72.200  3.192
72.400  3.208
72.600  3.225
72.800  3.241
73.000  3.257
73.200  3.273
73.400  3.281
73.600  3.281
73.800  3.208
74.000  3.136
74.200  3.071
74.400  3.007
74.600  2.950
74.800  2.886
75.000  2.829
75.200  2.773
75.400  2.716
75.600  2.668
75.800  2.611
76.000  2.555
76.200  2.506
76.400  2.458
76.600  2.409
76.800  2.361
77.000  2.304
77.200  2.264
77.400  2.224
77.600  2.175
77.800  2.135
78.000  2.094
78.200  2.046
78.400  2.014
78.600  1.973
78.800  1.933
79.000  1.893
79.200  1.860
79.400  1.820
79.600  1.796
79.800  1.747
80.000  1.715
80.200  1.683
80.400  1.658
80.600  1.699
80.800  1.731
81.000  1.763
81.200  1.796
81.400  1.828
81.600  1.860
81.800  1.893
82.000  1.925
82.200  1.957
82.400  1.989
82.600  2.014
82.800  2.046
83.000  2.070
83.200  2.102
83.400  2.127
83.600  2.159
83.800  2.183
84.000  2.207
84.200  2.240
84.400  2.264
84.600  2.288
84.800  2.304
85.000  2.337
85.200  2.369
85.400  2.385
85.600  2.417
85.800  2.442
86.000  2.466
86.200  2.490
86.400  2.514
86.600  2.538
86.800  2.563
87.000  2.563
87.200  2.603
87.400  2.627
87.600  2.643
87.800  2.668
88.000  2.692
88.200  2.716
88.400  2.740
88.600  2.765
88.800  2.773
89.000  2.797
89.200  2.829
89.400  2.837
89.600  2.853
89.800  2.878
90.000  2.902
90.200  2.918
90.400  2.934
90.600  2.958
90.800  2.974
91.000  2.991
91.200  3.015
91.400  3.031
91.600  3.047
91.800  3.063
92.000  3.079
92.200  3.095
92.400  3.120
92.600  3.136
92.800  3.152
93.000  3.168
93.200  3.184
93.400  3.200
93.600  3.216
93.800  3.233
94.000  3.249
94.200  3.265
94.400  3.281
94.600  3.297
94.800  3.233
95.000  3.168
95.200  3.104
95.400  3.039
95.600  2.974
95.800  2.918
96.000  2.853
96.200  2.797
96.400  2.748
96.600  2.684
96.800  2.627
97.000  2.563
97.200  2.530
97.400  2.474
97.600  2.425
97.800  2.377
98.000  2.337
98.200  2.288
98.400  2.240
98.600  2.199
98.800  2.151
99.000  2.111
99.200  2.070
99.400  2.022
99.600  1.989
99.800  1.949

