0.000  3.747
0.040  3.755
0.080  3.747
0.120  3.747
0.160  3.755
0.200  3.747
0.240  3.747
0.280  3.747
0.320  3.747
0.360  3.747
0.400  3.747
0.440  3.747
0.480  3.747
0.520  3.747
0.560  3.747
0.600  3.747
0.640  3.747
0.680  3.747
0.720  3.755
0.760  3.747
0.800  3.747
0.840  3.747
0.880  3.747
0.920  3.747
0.960  3.747
1.000  3.747
1.040  3.747
1.080  3.747
1.120  3.747
1.160  3.747
1.200  3.755
1.240  3.747
1.280  3.747
1.320  3.755
1.360  3.747
1.400  3.747
1.440  3.747
1.480  3.747
1.520  3.747
1.560  3.747
1.600  3.747
1.640  3.755
1.680  3.747
1.720  3.747
1.760  3.747
1.800  3.747
1.840  3.755
1.880  3.755
1.920  3.747
1.960  3.747
2.000  3.755
2.040  3.755
2.080  3.755
2.120  3.747
2.160  3.755
2.200  3.747
2.240  3.747
2.280  3.747
2.320  3.747
2.360  3.747
2.400  3.747
2.440  3.747
2.480  3.747
2.520  3.747
2.560  3.747
2.600  3.755
2.640  3.747
2.680  3.747
2.720  3.755
2.760  3.747
2.800  3.747
2.840  3.747
2.880  3.747
2.920  3.747
2.960  3.747
3.000  3.747
3.040  3.755
3.080  3.747
3.120  3.747
3.160  3.747
3.200  3.747
3.240  3.747
3.280  3.747
3.320  3.747
3.360  3.747
3.400  3.747
3.440  3.747
3.480  3.747
3.520  3.747
3.560  3.747
3.600  3.747
3.640  3.747
3.680  3.747
3.720  3.747
3.760  3.755
3.800  3.747
3.840  3.747
3.880  3.747
3.920  3.747
3.960  3.747
4.000  3.747
4.040  3.747
4.080  3.747
4.120  3.747
4.160  3.747
4.200  3.747
4.240  0.007
4.280  0.007
4.320  0.007
4.360  0.007
4.400  0.007
4.440  0.007
4.480  0.007
4.520  0.007
4.560  0.007
4.600  0.007
4.640  0.007
4.680  0.007
4.720  0.007
4.760  0.007
4.800  0.007
4.840  0.007
4.880  0.007
4.920  3.747
4.960  3.755
5.000  3.755
5.040  3.755
5.080  3.755
5.120  3.747
5.160  3.755
5.200  3.747
5.240  3.755
5.280  3.747
5.320  3.747
5.360  3.755
5.400  3.755
5.440  3.747
5.480  3.755
5.520  3.755
5.560  3.747
5.600  3.747
5.640  3.747
5.680  3.747
5.720  3.755
5.760  3.747
5.800  3.747
5.840  3.755
5.880  3.747
5.920  3.755
5.960  3.747
6.000  3.747
6.040  3.755
6.080  3.747
6.120  3.755
6.160  3.747
6.200  3.747
6.240  3.755
6.280  3.747
6.320  3.747
6.360  3.747
6.400  3.747
6.440  3.747
6.480  3.747
6.520  3.755
6.560  3.747
6.600  3.747
6.640  3.755
6.680  3.755
6.720  3.755
6.760  3.755
6.800  3.755
6.840  3.747
6.880  3.755
6.920  3.747
6.960  3.747
7.000  3.755
7.040  3.747
7.080  3.755
7.120  3.755
7.160  3.755
7.200  3.755
7.240  3.747
7.280  3.755
7.320  3.755
7.360  3.747
7.400  3.747
7.440  3.747
7.480  3.747
7.520  3.755
7.560  3.747
7.600  3.755
7.640  3.747
7.680  3.755
7.720  3.747
7.760  3.747
7.800  3.755
7.840  3.747
7.880  3.747
7.920  3.755
7.960  3.755
8.000  3.747
8.040  3.747
8.080  3.747
8.120  3.747
8.160  3.755
8.200  3.747
8.240  3.747
8.280  3.755
8.320  3.747
8.360  3.755
8.400  3.747
8.440  3.747
8.480  3.755
8.520  3.747
8.560  3.747
8.600  3.755
8.640  3.747
8.680  3.747
8.720  3.755
8.760  3.747
8.800  3.755
8.840  3.747
8.880  3.747
8.920  3.755
8.960  3.747
9.000  3.747
9.040  3.747
9.080  3.747
9.120  3.755
9.160  3.747
9.200  3.755
9.240  3.755
9.280  3.747
9.320  3.747
9.360  3.747
9.400  3.755
9.440  3.747
9.480  3.747
9.520  3.747
9.560  3.755
9.600  3.755
9.640  3.755
9.680  3.747
9.720  3.747
9.760  3.755
9.800  3.747
9.840  3.747
9.880  3.755
9.920  3.747
9.960  3.755
10.000  3.755
10.040  3.755
10.080  3.755
10.120  3.747
10.160  3.747
10.200  3.747
10.240  3.747
10.280  3.747
10.320  3.755
10.360  3.747
10.400  3.755
10.440  3.747
10.480  3.747
10.520  3.747
10.560  3.747
10.600  3.747
10.640  3.747
10.680  3.755
10.720  3.755
10.760  3.747
10.800  3.755
10.840  3.755
10.880  3.747
10.920  3.755
10.960  3.747
11.000  3.747
11.040  3.755
11.080  3.747
11.120  3.747
11.160  3.755
11.200  3.747
11.240  3.747
11.280  3.747
11.320  3.747
11.360  3.747
11.400  3.747
11.440  3.747
11.480  3.747
11.520  3.747
11.560  3.755
11.600  3.755
11.640  3.747
11.680  3.755
11.720  3.755
11.760  3.747
11.800  3.747
11.840  3.747
11.880  3.755
11.920  3.747
11.960  3.747
12.000  3.747
12.040  3.747
12.080  3.747
12.120  3.747
12.160  3.747
12.200  3.747
12.240  3.747
12.280  3.747
12.320  3.747
12.360  3.747
12.400  3.747
12.440  3.747
12.480  0.007
12.520  0.007
12.560  -0.001
12.600  0.007
12.640  0.007
12.680  0.007
12.720  -0.001
12.760  0.007
12.800  0.007
12.840  0.007
12.880  0.007
12.920  0.007
12.960  0.007
13.000  0.007
13.040  0.007
13.080  0.007
13.120  0.007
13.160  3.747
13.200  3.747
13.240  3.747
13.280  3.755
13.320  3.747
13.360  3.747
13.400  3.747
13.440  3.747
13.480  3.755
13.520  3.747
13.560  3.747
13.600  3.755
13.640  3.747
13.680  3.755
13.720  3.755
13.760  3.747
13.800  3.755
13.840  3.747
13.880  3.747
13.920  3.755
13.960  3.747
14.000  3.747
14.040  3.755
14.080  3.747
14.120  3.755
14.160  3.747
14.200  3.747
14.240  3.755
14.280  3.755
14.320  3.747
14.360  3.755
14.400  3.747
14.440  3.755
14.480  3.747
14.520  3.747
14.560  3.747
14.600  3.747
14.640  3.747
14.680  3.747
14.720  3.747
14.760  3.747
14.800  3.755
14.840  3.755
14.880  3.755
14.920  3.747
14.960  3.755
15.000  3.747
15.040  3.747
15.080  3.755
15.120  3.747
15.160  3.747
15.200  3.755
15.240  3.747
15.280  3.747
15.320  3.747
15.360  3.747
15.400  3.747
15.440  3.747
15.480  3.747
15.520  3.747
15.560  3.747
15.600  3.747
15.640  3.747
15.680  3.747
15.720  3.747
15.760  3.747
15.800  3.747
15.840  3.747
15.880  3.747
15.920  3.747
15.960  3.747
16.000  3.747
16.040  3.747
16.080  3.747
16.120  3.747
16.160  3.747
16.200  3.747
16.240  3.747
16.280  3.747
16.320  3.747
16.360  3.755
16.400  3.747
16.440  3.747
16.480  3.755
16.520  3.747
16.560  3.747
16.600  3.747
16.640  3.747
16.680  3.755
16.720  3.747
16.760  3.747
16.800  3.755
16.840  3.747
16.880  3.755
16.920  3.755
16.960  3.747
17.000  3.755
17.040  3.755
17.080  3.747
17.120  3.747
17.160  3.755
17.200  3.755
17.240  3.755
17.280  3.747
17.320  3.755
17.360  3.755
17.400  3.747
17.440  3.755
17.480  3.747
17.520  3.747
17.560  3.755
17.600  3.755
17.640  3.755
17.680  3.755
17.720  3.747
17.760  3.755
17.800  3.747
17.840  3.747
17.880  3.747
17.920  3.747
17.960  3.747
18.000  3.747
18.040  3.747
18.080  3.755
18.120  3.755
18.160  3.755
18.200  3.755
18.240  3.747
18.280  3.747
18.320  3.755
18.360  3.747
18.400  3.755
18.440  3.755
18.480  3.755
18.520  3.747
18.560  3.747
18.600  3.755
18.640  3.747
18.680  3.747
18.720  3.755
18.760  3.755
18.800  3.755
18.840  3.755
18.880  3.755
18.920  3.755
18.960  3.755
19.000  3.755
19.040  3.747
19.080  3.755
19.120  3.755
19.160  3.755
19.200  3.755
19.240  3.755
19.280  3.747
19.320  3.747
19.360  3.747
19.400  3.747
19.440  3.747
19.480  3.747
19.520  3.747
19.560  3.747
19.600  3.755
19.640  3.755
19.680  3.755
19.720  3.747
19.760  3.747
19.800  3.747
19.840  3.747
19.880  3.747
19.920  3.755
19.960  3.747

0.000  2.563
0.040  2.563
0.080  2.563
0.120  2.595
0.160  2.603
0.200  2.611
0.240  2.619
0.280  2.627
0.320  2.635
0.360  2.643
0.400  2.651
0.440  2.660
0.480  2.668
0.520  2.676
0.560  2.684
0.600  2.692
0.640  2.692
0.680  2.708
0.720  2.716
0.760  2.724
0.800  2.732
0.840  2.732
0.880  2.748
0.920  2.756
0.960  2.765
1.000  2.765
1.040  2.773
1.080  2.781
1.120  2.789
1.160  2.797
1.200  2.805
1.240  2.813
1.280  2.829
1.320  2.829
1.360  2.837
1.400  2.845
1.440  2.853
1.480  2.853
1.520  2.861
1.560  2.878
1.600  2.878
1.640  2.886
1.680  2.894
1.720  2.902
1.760  2.910
1.800  2.918
1.840  2.926
1.880  2.934
1.920  2.934
1.960  2.942
2.000  2.950
2.040  2.958
2.080  2.966
2.120  2.974
2.160  2.982
2.200  2.982
2.240  2.991
2.280  2.999
2.320  3.007
2.360  3.015
2.400  3.023
2.440  3.023
2.480  3.031
2.520  3.039
2.560  3.047
2.600  3.055
2.640  3.055
2.680  3.063
2.720  3.071
2.760  3.079
2.800  3.087
2.840  3.087
2.880  3.095
2.920  3.104
2.960  3.112
3.000  3.120
3.040  3.120
3.080  3.128
3.120  3.136
3.160  3.144
3.200  3.144
3.240  3.152
3.280  3.160
3.320  3.168
3.360  3.176
3.400  3.176
3.440  3.184
3.480  3.192
3.520  3.192
3.560  3.200
3.600  3.208
3.640  3.208
3.680  3.225
3.720  3.225
3.760  3.233
3.800  3.241
3.840  3.241
3.880  3.249
3.920  3.249
3.960  3.257
4.000  3.265
4.040  3.273
4.080  3.281
4.120  3.281
4.160  3.289
4.200  3.297
4.240  3.152
4.280  3.023
4.320  2.902
4.360  2.789
4.400  2.676
4.440  2.563
4.480  2.466
4.520  2.369
4.560  2.280
4.600  2.191
4.640  2.111
4.680  2.030
4.720  1.949
4.760  1.876
4.800  1.804
4.840  1.739
4.880  1.658
4.920  1.674
4.960  1.691
5.000  1.707
5.040  1.731
5.080  1.739
5.120  1.755
5.160  1.763
5.200  1.779
5.240  1.796
5.280  1.804
5.320  1.820
5.360  1.828
5.400  1.844
5.440  1.852
5.480  1.868
5.520  1.884
5.560  1.893
5.600  1.901
5.640  1.917
5.680  1.925
5.720  1.941
5.760  1.949
5.800  1.965
5.840  1.973
5.880  1.981
5.920  1.997
5.960  2.006
6.000  2.014
6.040  2.030
6.080  2.038
6.120  2.054
6.160  2.062
6.200  2.070
6.240  2.086
6.280  2.094
6.320  2.102
6.360  2.111
6.400  2.119
6.440  2.135
6.480  2.143
6.520  2.159
6.560  2.167
6.600  2.175
6.640  2.183
6.680  2.191
6.720  2.207
6.760  2.216
6.800  2.224
6.840  2.232
6.880  2.248
6.920  2.256
6.960  2.264
7.000  2.272
7.040  2.280
7.080  2.296
7.120  2.304
7.160  2.304
7.200  2.304
7.240  2.329
7.280  2.337
7.320  2.345
7.360  2.361
7.400  2.369
7.440  2.377
7.480  2.385
7.520  2.401
7.560  2.409
7.600  2.409
7.640  2.425
7.680  2.442
7.720  2.442
7.760  2.450
7.800  2.458
7.840  2.466
7.880  2.474
7.920  2.490
7.960  2.506
8.000  2.506
8.040  2.514
8.080  2.514
8.120  2.530
8.160  2.538
8.200  2.547
8.240  2.555
8.280  2.563
8.320  2.563
8.360  2.563
8.400  2.587
8.440  2.595
8.480  2.603
8.520  2.619
8.560  2.627
8.600  2.627
8.640  2.635
8.680  2.651
8.720  2.651
8.760  2.660
8.800  2.676
8.840  2.676
8.880  2.684
8.920  2.692
8.960  2.692
9.000  2.708
9.040  2.716
9.080  2.724
9.120  2.732
9.160  2.740
9.200  2.748
9.240  2.765
9.280  2.765
9.320  2.773
9.360  2.781
9.400  2.789
9.440  2.797
9.480  2.797
9.520  2.813
9.560  2.829
9.600  2.829
9.640  2.829
9.680  2.837
9.720  2.845
9.760  2.853
9.800  2.861
9.840  2.869
9.880  2.878
9.920  2.886
9.960  2.894
10.000  2.894
10.040  2.902
10.080  2.918
10.120  2.918
10.160  2.926
10.200  2.934
10.240  2.942
10.280  2.950
10.320  2.958
10.360  2.958
10.400  2.966
10.440  2.974
10.480  2.982
10.520  2.991
10.560  2.991
10.600  2.999
10.640  3.007
10.680  3.015
10.720  3.023
10.760  3.031
10.800  3.031
10.840  3.039
10.880  3.047
10.920  3.055
10.960  3.063
11.000  3.071
11.040  3.079
11.080  3.079
11.120  3.087
11.160  3.095
11.200  3.095
11.240  3.104
11.280  3.112
11.320  3.120
11.360  3.128
11.400  3.128
11.440  3.136
11.480  3.144
11.520  3.152
11.560  3.160
11.600  3.160
11.640  3.168
11.680  3.176
11.720  3.184
11.760  3.184
11.800  3.192
11.840  3.200
11.880  3.208
11.920  3.208
11.960  3.216
12.000  3.225
12.040  3.225
12.080  3.233
12.120  3.241
12.160  3.241
12.200  3.249
12.240  3.257
12.280  3.265
12.320  3.273
12.360  3.281
12.400  3.281
12.440  3.281
12.480  3.233
12.520  3.095
12.560  2.974
12.600  2.853
12.640  2.740
12.680  2.627
12.720  2.530
12.760  2.442
12.800  2.329
12.840  2.248
12.880  2.151
12.920  2.070
12.960  1.997
13.000  1.917
13.040  1.844
13.080  1.771
13.120  1.707
13.160  1.658
13.200  1.674
13.240  1.691
13.280  1.715
13.320  1.731
13.360  1.739
13.400  1.755
13.440  1.763
13.480  1.788
13.520  1.796
13.560  1.804
13.600  1.820
13.640  1.836
13.680  1.844
13.720  1.860
13.760  1.868
13.800  1.884
13.840  1.893
13.880  1.901
13.920  1.917
13.960  1.925
14.000  1.941
14.040  1.949
14.080  1.965
14.120  1.973
14.160  1.989
14.200  1.997
14.240  2.006
14.280  2.014
14.320  2.030
14.360  2.038
14.400  2.046
14.440  2.062
14.480  2.070
14.520  2.086
14.560  2.094
14.600  2.102
14.640  2.119
14.680  2.127
14.720  2.135
14.760  2.143
14.800  2.159
14.840  2.167
14.880  2.175
14.920  2.183
14.960  2.191
15.000  2.207
15.040  2.216
15.080  2.224
15.120  2.232
15.160  2.248
15.200  2.256
15.240  2.264
15.280  2.272
15.320  2.288
15.360  2.288
15.400  2.304
15.440  2.304
15.480  2.304
15.520  2.337
15.560  2.337
15.600  2.353
15.640  2.361
15.680  2.369
15.720  2.377
15.760  2.385
15.800  2.401
15.840  2.409
15.880  2.417
15.920  2.425
15.960  2.442
16.000  2.442
16.040  2.450
16.080  2.458
16.120  2.466
16.160  2.474
16.200  2.490
16.240  2.506
16.280  2.506
16.320  2.506
16.360  2.522
16.400  2.530
16.440  2.538
16.480  2.547
16.520  2.555
16.560  2.563
16.600  2.563
16.640  2.563
16.680  2.563
16.720  2.595
16.760  2.603
16.800  2.611
16.840  2.619
16.880  2.627
16.920  2.635
16.960  2.643
17.000  2.651
17.040  2.660
17.080  2.668
17.120  2.676
17.160  2.684
17.200  2.692
17.240  2.692
17.280  2.708
17.320  2.716
17.360  2.724
17.400  2.732
17.440  2.740
17.480  2.748
17.520  2.765
17.560  2.765
17.600  2.773
17.640  2.781
17.680  2.789
17.720  2.797
17.760  2.805
17.800  2.813
17.840  2.829
17.880  2.829
17.920  2.829
17.960  2.837
18.000  2.845
18.040  2.853
18.080  2.861
18.120  2.869
18.160  2.878
18.200  2.886
18.240  2.886
18.280  2.894
18.320  2.902
18.360  2.910
18.400  2.918
18.440  2.926
18.480  2.934
18.520  2.942
18.560  2.942
18.600  2.958
18.640  2.958
18.680  2.966
18.720  2.974
18.760  2.982
18.800  2.982
18.840  2.999
18.880  2.999
18.920  3.007
18.960  3.015
19.000  3.023
19.040  3.031
19.080  3.039
19.120  3.047
19.160  3.047
19.200  3.055
19.240  3.063
19.280  3.071
19.320  3.071
19.360  3.079
19.400  3.087
19.440  3.095
19.480  3.104
19.520  3.104
19.560  3.112
19.600  3.120
19.640  3.128
19.680  3.136
19.720  3.136
19.760  3.144
19.800  3.152
19.840  3.152
19.880  3.168
19.920  3.168
19.960  3.176

