0.000  -0.197
0.005  -0.287
0.010  -0.365
0.015  -0.410
0.020  -0.474
0.025  -0.513
0.030  -0.571
0.035  -0.610
0.040  -0.629
0.045  -0.668
0.050  -0.694
0.055  -0.713
0.060  -0.732
0.065  -0.719
0.070  -0.700
0.075  -0.674
0.080  -0.635
0.085  -0.597
0.090  -0.539
0.095  -0.474
0.100  -0.371
0.105  -0.339
0.110  -0.274
0.115  -0.197
0.120  -0.126
0.125  -0.055
0.130  0.016
0.135  0.087
0.140  0.171
0.145  0.268
0.150  0.352
0.155  0.435
0.160  0.500
0.165  0.565
0.170  0.623
0.175  0.655
0.180  0.687
0.185  0.706
0.190  0.726
0.195  0.752
0.200  0.739
0.205  0.739
0.210  0.726
0.215  0.700
0.220  0.668
0.225  0.623
0.230  0.571
0.235  0.513
0.240  0.435
0.245  0.384
0.250  0.300
0.255  0.223
0.260  0.126
0.265  0.029
0.270  -0.055
0.275  -0.132
0.280  -0.203
0.285  -0.294
0.290  -0.371
0.295  -0.435
0.300  -0.513
0.305  -0.584
0.310  -0.642
0.315  -0.694
0.320  -0.745
0.325  -0.777
0.330  -0.816
0.335  -0.829
0.340  -0.829
0.345  -0.816
0.350  -0.790
0.355  -0.765
0.360  -0.713
0.365  -0.674
0.370  -0.629
0.375  -0.500
0.380  -0.506
0.385  -0.435
0.390  -0.365
0.395  -0.281
0.400  -0.184
0.405  -0.081
0.410  0.023
0.415  0.113
0.420  0.203
0.425  0.313
0.430  0.384
0.435  0.461
0.440  0.532
0.445  0.597
0.450  0.668
0.455  0.719
0.460  0.771
0.465  0.803
0.470  0.848
0.475  0.861
0.480  0.874
0.485  0.874
0.490  0.855
0.495  0.829
0.500  0.777
0.505  0.726
0.510  0.661
0.515  0.494
0.520  0.513
0.525  0.435
0.530  0.365
0.535  0.268
0.540  0.184
0.545  0.081
0.550  -0.016
0.555  -0.100
0.560  -0.203
0.565  -0.313
0.570  -0.403
0.575  -0.494
0.580  -0.577
0.585  -0.661
0.590  -0.726
0.595  -0.784
0.600  -0.829
0.605  -0.848
0.610  -0.881
0.615  -0.887
0.620  -0.894
0.625  -0.887
0.630  -0.874
0.635  -0.835
0.640  -0.803
0.645  -0.765
0.650  -0.713
0.655  -0.597
0.660  -0.558
0.665  -0.474
0.670  -0.377
0.675  -0.281
0.680  -0.171
0.685  -0.061
0.690  0.029
0.695  0.132
0.700  0.229
0.705  0.319
0.710  0.416
0.715  0.506
0.720  0.603
0.725  0.694
0.730  0.765
0.735  0.848
0.740  0.900
0.745  0.952
0.750  0.977
0.755  0.984
0.760  0.984
0.765  0.971
0.770  0.952
0.775  0.919
0.780  0.868
0.785  0.829
0.790  0.790
0.795  0.700
0.800  0.642
0.805  0.565
0.810  0.461
0.815  0.365
0.820  0.255
0.825  0.132
0.830  0.029
0.835  -0.094
0.840  -0.203
0.845  -0.313
0.850  -0.410
0.855  -0.500
0.860  -0.584
0.865  -0.668
0.870  -0.732
0.875  -0.803
0.880  -0.861
0.885  -0.919
0.890  -0.952
0.895  -0.971
0.900  -0.984
0.905  -0.984
0.910  -0.958
0.915  -0.926
0.920  -0.887
0.925  -0.835
0.930  -0.771
0.935  -0.674
0.940  -0.590
0.945  -0.506
0.950  -0.410
0.955  -0.313
0.960  -0.197
0.965  -0.100
0.970  0.016
0.975  0.119
0.980  0.235
0.985  0.365
0.990  0.461
0.995  0.597
1.000  0.700
1.005  0.797
1.010  0.868
1.015  0.926
1.020  0.984
1.025  1.023
1.030  1.042
1.035  1.061
1.040  1.074
1.045  1.087
1.050  1.081
1.055  1.055
1.060  1.029
1.065  0.977
1.070  0.765
1.075  0.829
1.080  0.732
1.085  0.635
1.090  0.526
1.095  0.416
1.100  0.287
1.105  0.177
1.110  0.068
1.115  -0.042
1.120  -0.158
1.125  -0.261
1.130  -0.371
1.135  -0.487
1.140  -0.597
1.145  -0.706
1.150  -0.784
1.155  -0.868
1.160  -0.939
1.165  -0.984
1.170  -1.016
1.175  -1.029
1.180  -1.029
1.185  -1.029
1.190  -1.029
1.195  -1.003
1.200  -0.958
1.205  -0.906
1.210  -0.771
1.215  -0.771
1.220  -0.694
1.225  -0.603
1.230  -0.500
1.235  -0.390
1.240  -0.268
1.245  -0.139
1.250  -0.010
1.255  0.126
1.260  0.255
1.265  0.371
1.270  0.474
1.275  0.590
1.280  0.700
1.285  0.803
1.290  0.874
1.295  0.971
1.300  1.029
1.305  1.087
1.310  1.139
1.315  1.165
1.320  1.190
1.325  1.190
1.330  1.177
1.335  1.152
1.340  1.100
1.345  1.042
1.350  0.926
1.355  0.868
1.360  0.784
1.365  0.694
1.370  0.597
1.375  0.487
1.380  0.371
1.385  0.255
1.390  0.126
1.395  -0.010
1.400  -0.152
1.405  -0.281
1.410  -0.403
1.415  -0.513
1.420  -0.629
1.425  -0.726
1.430  -0.803
1.435  -0.881
1.440  -0.945
1.445  -1.003
1.450  -1.029
1.455  -1.081
1.460  -1.106
1.465  -1.113
1.470  -1.113
1.475  -1.087
1.480  -1.061
1.485  -0.990
1.490  -0.906
1.495  -0.842
1.500  -0.745
1.505  -0.648
1.510  -0.539
1.515  -0.410
1.520  -0.313
1.525  -0.177
1.530  -0.055
1.535  0.081
1.540  0.216
1.545  0.332
1.550  0.461
1.555  0.584
1.560  0.700
1.565  0.816
1.570  0.926
1.575  1.029
1.580  1.100
1.585  1.158
1.590  1.190
1.595  1.242
1.600  1.242
1.605  1.242
1.610  1.216
1.615  1.190
1.620  1.158
1.625  1.003
1.630  1.029
1.635  0.958
1.640  0.881
1.645  0.777
1.650  0.661
1.655  0.532
1.660  0.390
1.665  0.255
1.670  0.119
1.675  -0.023
1.680  -0.158
1.685  -0.294
1.690  -0.410
1.695  -0.526
1.700  -0.635
1.705  -0.739
1.710  -0.848
1.715  -0.952
1.720  -1.029
1.725  -1.106
1.730  -1.158
1.735  -1.197
1.740  -1.216
1.745  -1.216
1.750  -1.197
1.755  -1.177
1.760  -1.139
1.765  -0.971
1.770  -0.997
1.775  -0.919
1.780  -0.848
1.785  -0.752
1.790  -0.648
1.795  -0.526
1.800  -0.403
1.805  -0.268
1.810  -0.119
1.815  0.023
1.820  0.177
1.825  0.313
1.830  0.455
1.835  0.577
1.840  0.700
1.845  0.810
1.850  0.913
1.855  1.003
1.860  1.081
1.865  1.139
1.870  1.197
1.875  1.242
1.880  1.268
1.885  1.287
1.890  1.274
1.895  1.261
1.900  1.242
1.905  1.113
1.910  1.087
1.915  1.003
1.920  0.906
1.925  0.790
1.930  0.668
1.935  0.545
1.940  0.416
1.945  0.281
1.950  0.139
1.955  -0.003
1.960  -0.145
1.965  -0.281
1.970  -0.410
1.975  -0.558
1.980  -0.687
1.985  -0.810
1.990  -0.926
1.995  -1.029
2.000  -1.139
2.005  -1.197
2.010  -1.235
2.015  -1.268
2.020  -1.287
2.025  -1.287
2.030  -1.281
2.035  -1.268
2.040  -1.235
2.045  -1.190
2.050  -1.139
2.055  -1.061
2.060  -0.971
2.065  -0.855
2.070  -0.739
2.075  -0.603
2.080  -0.468
2.085  -0.313
2.090  -0.165
2.095  -0.023
2.100  0.113
2.105  0.248
2.110  0.384
2.115  0.513
2.120  0.648
2.125  0.771
2.130  0.894
2.135  1.003
2.140  1.106
2.145  1.190
2.150  1.242
2.155  1.287
2.160  1.319
2.165  1.319
2.170  1.332
2.175  1.306
2.180  1.261
2.185  1.190
2.190  1.126
2.195  1.055
2.200  0.958
2.205  0.855
2.210  0.739
2.215  0.623
2.220  0.494
2.225  0.345
2.230  0.197
2.235  0.035
2.240  -0.113
2.245  -0.268
2.250  -0.410
2.255  -0.565
2.260  -0.694
2.265  -0.810
2.270  -0.926
2.275  -1.016
2.280  -1.106
2.285  -1.184
2.290  -1.235
2.295  -1.287
2.300  -1.319
2.305  -1.352
2.310  -1.352
2.315  -1.339
2.320  -1.158
2.325  -1.235
2.330  -1.177
2.335  -1.094
2.340  -0.990
2.345  -0.881
2.350  -0.758
2.355  -0.642
2.360  -0.506
2.365  -0.365
2.370  -0.223
2.375  -0.074
2.380  0.074
2.385  0.229
2.390  0.377
2.395  0.513
2.400  0.668
2.405  0.816
2.410  0.945
2.415  1.042
2.420  1.126
2.425  1.190
2.430  1.261
2.435  1.306
2.440  1.332
2.445  1.352
2.450  1.358
2.455  1.358
2.460  1.255
2.465  1.281
2.470  1.216
2.475  1.126
2.480  1.029
2.485  0.913
2.490  0.784
2.495  0.661
2.500  0.506
2.505  0.352
2.510  0.203
2.515  0.055
2.520  -0.081
2.525  -0.229
2.530  -0.377
2.535  -0.526
2.540  -0.668
2.545  -0.803
2.550  -0.939
2.555  -1.029
2.560  -1.139
2.565  -1.223
2.570  -1.294
2.575  -1.339
2.580  -1.371
2.585  -1.390
2.590  -1.390
2.595  -1.371
2.600  -1.300
2.605  -1.287
2.610  -1.216
2.615  -1.145
2.620  -1.061
2.625  -0.958
2.630  -0.855
2.635  -0.713
2.640  -0.577
2.645  -0.429
2.650  -0.268
2.655  -0.113
2.660  0.055
2.665  0.216
2.670  0.365
2.675  0.513
2.680  0.642
2.685  0.784
2.690  0.906
2.695  1.010
2.700  1.113
2.705  1.203
2.710  1.287
2.715  1.339
2.720  1.384
2.725  1.410
2.730  1.448
2.735  1.429
2.740  1.371
2.745  1.332
2.750  1.255
2.755  1.177
2.760  1.068
2.765  0.971
2.770  0.855
2.775  0.732
2.780  0.597
2.785  0.442
2.790  0.313
2.795  0.152
2.800  -0.023
2.805  -0.184
2.810  -0.352
2.815  -0.494
2.820  -0.642
2.825  -0.784
2.830  -0.906
2.835  -1.016
2.840  -1.106
2.845  -1.190
2.850  -1.261
2.855  -1.319
2.860  -1.358
2.865  -1.390
2.870  -1.403
2.875  -1.281
2.880  -1.371
2.885  -1.332
2.890  -1.268
2.895  -1.190
2.900  -1.094
2.905  -0.990
2.910  -0.868
2.915  -0.739
2.920  -0.584
2.925  -0.435
2.930  -0.287
2.935  -0.139
2.940  0.010
2.945  0.171
2.950  0.313
2.955  0.461
2.960  0.623
2.965  0.765
2.970  0.906
2.975  1.023
2.980  1.139
2.985  1.242
2.990  1.319
2.995  1.377
3.000  1.423
3.005  1.448
3.010  1.448
3.015  1.319
3.020  1.390
3.025  1.339
3.030  1.287
3.035  1.242
3.040  1.139
3.045  1.029
3.050  0.932
3.055  0.810
3.060  0.648
3.065  0.494
3.070  0.326
3.075  0.171
3.080  0.003
3.085  -0.165
3.090  -0.313
3.095  -0.468
3.100  -0.597
3.105  -0.739
3.110  -0.868
3.115  -0.990
3.120  -1.106
3.125  -1.210
3.130  -1.287
3.135  -1.352
3.140  -1.397
3.145  -1.435
3.150  -1.448
3.155  -1.384
3.160  -1.397
3.165  -1.352
3.170  -1.287
3.175  -1.203
3.180  -1.106
3.185  -1.016
3.190  -0.906
3.195  -0.790
3.200  -0.648
3.205  -0.500
3.210  -0.352
3.215  -0.197
3.220  -0.029
3.225  0.139
3.230  0.313
3.235  0.461
3.240  0.623
3.245  0.771
3.250  0.894
3.255  1.016
3.260  1.119
3.265  1.216
3.270  1.287
3.275  1.339
3.280  1.403
3.285  1.448
3.290  1.455
3.295  1.448
3.300  1.448
3.305  1.410
3.310  1.365
3.315  1.281
3.320  1.190
3.325  1.074
3.330  0.952
3.335  0.816
3.340  0.674
3.345  0.532
3.350  0.371
3.355  0.223
3.360  0.068
3.365  -0.087
3.370  -0.235
3.375  -0.390
3.380  -0.552
3.385  -0.713
3.390  -0.848
3.395  -0.984
3.400  -1.106
3.405  -1.210
3.410  -1.281
3.415  -1.339
3.420  -1.390
3.425  -1.410
3.430  -1.423
3.435  -1.403
3.440  -1.410
3.445  -1.397
3.450  -1.339
3.455  -1.281
3.460  -1.197
3.465  -1.094
3.470  -0.971
3.475  -0.842
3.480  -0.700
3.485  -0.552
3.490  -0.390
3.495  -0.229
3.500  -0.068
3.505  0.087
3.510  0.235
3.515  0.390
3.520  0.539
3.525  0.681
3.530  0.823
3.535  0.958
3.540  1.074
3.545  1.190
3.550  1.274
3.555  1.352
3.560  1.410
3.565  1.448
3.570  1.332
3.575  1.455
3.580  1.448
3.585  1.397
3.590  1.339
3.595  1.268
3.600  1.190
3.605  1.094
3.610  0.984
3.615  0.855
3.620  0.726
3.625  0.577
3.630  0.429
3.635  0.261
3.640  0.094
3.645  -0.068
3.650  -0.235
3.655  -0.403
3.660  -0.558
3.665  -0.700
3.670  -0.829
3.675  -0.952
3.680  -1.055
3.685  -1.158
3.690  -1.235
3.695  -1.313
3.700  -1.365
3.705  -1.416
3.710  -1.365
3.715  -1.448
3.720  -1.448
3.725  -1.410
3.730  -1.365
3.735  -1.287
3.740  -1.210
3.745  -1.106
3.750  -0.977
3.755  -0.855
3.760  -0.719
3.765  -0.590
3.770  -0.461
3.775  -0.313
3.780  -0.152
3.785  0.010
3.790  0.184
3.795  0.352
3.800  0.513
3.805  0.668
3.810  0.803
3.815  0.932
3.820  1.048
3.825  1.152
3.830  1.242
3.835  1.306
3.840  1.365
3.845  1.403
3.850  1.397
3.855  1.448
3.860  1.448
3.865  1.403
3.870  1.339
3.875  1.287
3.880  1.216
3.885  1.126
3.890  1.016
3.895  0.881
3.900  0.745
3.905  0.597
3.910  0.435
3.915  0.281
3.920  0.113
3.925  -0.035
3.930  -0.190
3.935  -0.345
3.940  -0.494
3.945  -0.629
3.950  -0.771
3.955  -0.906
3.960  -1.029
3.965  -1.145
3.970  -1.235
3.975  -1.326
3.980  -1.377
3.985  -1.416
3.990  -1.416
3.995  -1.448
4.000  -1.429
4.005  -1.390
4.010  -1.339
4.015  -1.268
4.020  -1.197
4.025  -1.113
4.030  -1.023
4.035  -0.906
4.040  -0.790
4.045  -0.648
4.050  -0.494
4.055  -0.332
4.060  -0.171
4.065  -0.010
4.070  0.165
4.075  0.319
4.080  0.461
4.085  0.623
4.090  0.732
4.095  0.861
4.100  0.977
4.105  1.081
4.110  1.197
4.115  1.281
4.120  1.358
4.125  1.268
4.130  1.423
4.135  1.448
4.140  1.448
4.145  1.423
4.150  1.365
4.155  1.300
4.160  1.242
4.165  1.113
4.170  1.010
4.175  0.900
4.180  0.784
4.185  0.642
4.190  0.506
4.195  0.352
4.200  0.203
4.205  0.042
4.210  -0.132
4.215  -0.287
4.220  -0.455
4.225  -0.597
4.230  -0.745
4.235  -0.881
4.240  -0.997
4.245  -1.094
4.250  -1.190
4.255  -1.261
4.260  -1.319
4.265  -1.235
4.270  -1.384
4.275  -1.397
4.280  -1.403
4.285  -1.384
4.290  -1.345
4.295  -1.306
4.300  -1.229
4.305  -1.139
4.310  -1.029
4.315  -0.919
4.320  -0.797
4.325  -0.642
4.330  -0.500
4.335  -0.352
4.340  -0.197
4.345  -0.042
4.350  0.106
4.355  0.255
4.360  0.416
4.365  0.539
4.370  0.687
4.375  0.816
4.380  0.958
4.385  1.074
4.390  1.177
4.395  1.261
4.400  1.319
4.405  1.326
4.410  1.384
4.415  1.384
4.420  1.371
4.425  1.339
4.430  1.319
4.435  1.281
4.440  1.216
4.445  1.145
4.450  1.048
4.455  0.939
4.460  0.810
4.465  0.668
4.470  0.513
4.475  0.371
4.480  0.223
4.485  0.061
4.490  -0.094
4.495  -0.255
4.500  -0.390
4.505  -0.539
4.510  -0.674
4.515  -0.803
4.520  -0.919
4.525  -1.016
4.530  -1.119
4.535  -1.210
4.540  -1.281
4.545  -1.313
4.550  -1.365
4.555  -1.390
4.560  -1.384
4.565  -1.365
4.570  -1.326
4.575  -1.268
4.580  -1.197
4.585  -1.113
4.590  -1.010
4.595  -0.906
4.600  -0.790
4.605  -0.674
4.610  -0.539
4.615  -0.403
4.620  -0.261
4.625  -0.100
4.630  0.061
4.635  0.229
4.640  0.384
4.645  0.526
4.650  0.668
4.655  0.797
4.660  0.919
4.665  1.023
4.670  1.113
4.675  1.184
4.680  1.242
4.685  1.287
4.690  1.339
4.695  1.365
4.700  1.371
4.705  1.365
4.710  1.339
4.715  1.313
4.720  1.242
4.725  1.139
4.730  1.029
4.735  0.919
4.740  0.797
4.745  0.668
4.750  0.539
4.755  0.416
4.760  0.268
4.765  0.126
4.770  -0.023
4.775  -0.171
4.780  -0.319
4.785  -0.468
4.790  -0.610
4.795  -0.745
4.800  -0.861
4.805  -0.965
4.810  -1.068
4.815  -1.145
4.820  -1.061
4.825  -1.235
4.830  -1.281
4.835  -1.287
4.840  -1.294
4.845  -1.287
4.850  -1.268
4.855  -1.235
4.860  -1.177
4.865  -1.106
4.870  -1.016
4.875  -0.913
4.880  -0.803
4.885  -0.674
4.890  -0.539
4.895  -0.397
4.900  -0.255
4.905  -0.100
4.910  0.048
4.915  0.197
4.920  0.332
4.925  0.461
4.930  0.597
4.935  0.713
4.940  0.829
4.945  0.945
4.950  1.055
4.955  1.152
4.960  1.158
4.965  1.281
4.970  1.332
4.975  1.339
4.980  1.339
4.985  1.332
4.990  1.300
4.995  1.255
5.000  1.190
5.005  1.113
5.010  1.023
5.015  0.939
5.020  0.835
5.025  0.726
5.030  0.603
5.035  0.461
5.040  0.326
5.045  0.158
5.050  0.016
5.055  -0.132
5.060  -0.287
5.065  -0.429
5.070  -0.565
5.075  -0.674
5.080  -0.784
5.085  -0.894
5.090  -0.984
5.095  -1.055
5.100  -1.087
5.105  -1.177
5.110  -1.223
5.115  -1.235
5.120  -1.261
5.125  -1.235
5.130  -1.235
5.135  -1.203
5.140  -1.139
5.145  -1.055
5.150  -0.965
5.155  -0.868
5.160  -0.758
5.165  -0.655
5.170  -0.532
5.175  -0.410
5.180  -0.287
5.185  -0.139
5.190  -0.010
5.195  0.132
5.200  0.261
5.205  0.416
5.210  0.545
5.215  0.661
5.220  0.784
5.225  0.900
5.230  1.003
5.235  1.081
5.240  1.132
5.245  1.197
5.250  1.242
5.255  1.248
5.260  1.261
5.265  1.255
5.270  1.242
5.275  1.210
5.280  1.165
5.285  1.106
5.290  1.023
5.295  0.932
5.300  0.823
5.305  0.706
5.310  0.577
5.315  0.455
5.320  0.306
5.325  0.165
5.330  0.029
5.335  -0.100
5.340  -0.229
5.345  -0.365
5.350  -0.474
5.355  -0.597
5.360  -0.706
5.365  -0.816
5.370  -0.926
5.375  -0.855
5.380  -1.081
5.385  -1.152
5.390  -1.190
5.395  -1.197
5.400  -1.203
5.405  -1.190
5.410  -1.171
5.415  -1.119
5.420  -1.081
5.425  -1.023
5.430  -0.958
5.435  -0.874
5.440  -0.777
5.445  -0.681
5.450  -0.571
5.455  -0.448
5.460  -0.313
5.465  -0.171
5.470  -0.023
5.475  0.113
5.480  0.255
5.485  0.384
5.490  0.494
5.495  0.603
5.500  0.700
5.505  0.816
5.510  0.900
5.515  0.894
5.520  1.055
5.525  1.126
5.530  1.184
5.535  1.210
5.540  1.242
5.545  1.242
5.550  1.203
5.555  1.165
5.560  1.113
5.565  1.048
5.570  0.977
5.575  0.874
5.580  0.784
5.585  0.687
5.590  0.584
5.595  0.474
5.600  0.339
5.605  0.223
5.610  0.087
5.615  -0.042
5.620  -0.171
5.625  -0.294
5.630  -0.410
5.635  -0.539
5.640  -0.661
5.645  -0.765
5.650  -0.848
5.655  -0.887
5.660  -0.990
5.665  -1.029
5.670  -1.074
5.675  -1.094
5.680  -1.119
5.685  -1.119
5.690  -1.113
5.695  -1.081
5.700  -1.048
5.705  -1.010
5.710  -0.939
5.715  -0.855
5.720  -0.758
5.725  -0.642
5.730  -0.539
5.735  -0.410
5.740  -0.294
5.745  -0.177
5.750  -0.055
5.755  0.055
5.760  0.177
5.765  0.294
5.770  0.416
5.775  0.526
5.780  0.635
5.785  0.745
5.790  0.842
5.795  0.913
5.800  1.003
5.805  1.055
5.810  1.081
5.815  1.100
5.820  1.113
5.825  1.113
5.830  1.100
5.835  1.061
5.840  1.029
5.845  0.977
5.850  0.919
5.855  0.855
5.860  0.771
5.865  0.674
5.870  0.571
5.875  0.455
5.880  0.332
5.885  0.203
5.890  0.087
5.895  -0.042
5.900  -0.158
5.905  -0.268
5.910  -0.377
5.915  -0.487
5.920  -0.584
5.925  -0.674
5.930  -0.752
5.935  -0.816
5.940  -0.900
5.945  -0.958
5.950  -1.003
5.955  -1.029
5.960  -1.055
5.965  -1.068
5.970  -1.055
5.975  -1.023
5.980  -0.984
5.985  -0.919
5.990  -0.855
5.995  -0.771
6.000  -0.700
6.005  -0.623
6.010  -0.513
6.015  -0.410
6.020  -0.313
6.025  -0.203
6.030  -0.100
6.035  0.023
6.040  0.145
6.045  0.268
6.050  0.390
6.055  0.506
6.060  0.623
6.065  0.700
6.070  0.642
6.075  0.835
6.080  0.894
6.085  0.945
6.090  0.984
6.095  1.023
6.100  1.042
6.105  1.055
6.110  1.055
6.115  1.055
6.120  1.023
6.125  0.971
6.130  0.900
6.135  0.816
6.140  0.739
6.145  0.642
6.150  0.539
6.155  0.435
6.160  0.339
6.165  0.242
6.170  0.132
6.175  0.023
6.180  -0.087
6.185  -0.203
6.190  -0.313
6.195  -0.403
6.200  -0.513
6.205  -0.603
6.210  -0.623
6.215  -0.765
6.220  -0.829
6.225  -0.881
6.230  -0.913
6.235  -0.945
6.240  -0.952
6.245  -0.945
6.250  -0.932
6.255  -0.919
6.260  -0.900
6.265  -0.861
6.270  -0.803
6.275  -0.745
6.280  -0.687
6.285  -0.603
6.290  -0.513
6.295  -0.410
6.300  -0.313
6.305  -0.203
6.310  -0.094
6.315  0.003
6.320  0.113
6.325  0.203
6.330  0.313
6.335  0.416
6.340  0.494
6.345  0.565
6.350  0.623
6.355  0.719
6.360  0.784
6.365  0.842
6.370  0.894
6.375  0.932
6.380  0.958
6.385  0.952
6.390  0.939
6.395  0.913
6.400  0.868
6.405  0.829
6.410  0.771
6.415  0.713
6.420  0.655
6.425  0.584
6.430  0.513
6.435  0.429
6.440  0.352
6.445  0.242
6.450  0.145
6.455  0.029
6.460  -0.081
6.465  -0.184
6.470  -0.294
6.475  -0.390
6.480  -0.468
6.485  -0.526
6.490  -0.584
6.495  -0.668
6.500  -0.706
6.505  -0.765
6.510  -0.816
6.515  -0.848
6.520  -0.874
6.525  -0.874
6.530  -0.868
6.535  -0.861
6.540  -0.823
6.545  -0.784
6.550  -0.739
6.555  -0.681
6.560  -0.623
6.565  -0.539
6.570  -0.461
6.575  -0.371
6.580  -0.287
6.585  -0.203
6.590  -0.119
6.595  -0.023
6.600  0.061
6.605  0.158
6.610  0.255
6.615  0.345
6.620  0.435
6.625  0.358
6.630  0.603
6.635  0.674
6.640  0.726
6.645  0.758
6.650  0.784
6.655  0.816
6.660  0.829
6.665  0.823
6.670  0.810
6.675  0.797
6.680  0.777
6.685  0.758
6.690  0.726
6.695  0.681
6.700  0.623
6.705  0.552
6.710  0.461
6.715  0.377
6.720  0.294
6.725  0.197
6.730  0.106
6.735  0.016
6.740  -0.068
6.745  -0.145
6.750  -0.229
6.755  -0.313
6.760  -0.371
6.765  -0.352
6.770  -0.526
6.775  -0.597
6.780  -0.661
6.785  -0.706
6.790  -0.745
6.795  -0.784
6.800  -0.784
6.805  -0.790
6.810  -0.771
6.815  -0.758
6.820  -0.732
6.825  -0.706
6.830  -0.687
6.835  -0.642
6.840  -0.597
6.845  -0.539
6.850  -0.461
6.855  -0.397
6.860  -0.313
6.865  -0.223
6.870  -0.145
6.875  -0.055
6.880  0.029
6.885  0.119
6.890  0.203
6.895  0.294
6.900  0.358
6.905  0.377
6.910  0.481
6.915  0.539
6.920  0.597
6.925  0.629
6.930  0.668
6.935  0.700
6.940  0.719
6.945  0.726
6.950  0.726
6.955  0.726
6.960  0.694
6.965  0.661
6.970  0.623
6.975  0.571
6.980  0.513
6.985  0.442
6.990  0.384
6.995  0.313
7.000  0.248
7.005  0.190
7.010  0.119
7.015  0.055
7.020  -0.016
7.025  -0.100
7.030  -0.184
7.035  -0.268
7.040  -0.339
7.045  -0.390
7.050  -0.474
7.055  -0.526
7.060  -0.571
7.065  -0.590
7.070  -0.623
7.075  -0.635
7.080  -0.655
7.085  -0.655
7.090  -0.668
7.095  -0.661
7.100  -0.642
7.105  -0.635
7.110  -0.603
7.115  -0.571
7.120  -0.506
7.125  -0.448
7.130  -0.384
7.135  -0.319
7.140  -0.255
7.145  -0.177
7.150  -0.106
7.155  -0.048
7.160  0.010
7.165  0.081
7.170  0.145
7.175  0.216
7.180  0.287
7.185  0.345
7.190  0.416
7.195  0.461
7.200  0.506
7.205  0.558
7.210  0.590
7.215  0.610
7.220  0.623
7.225  0.610
7.230  0.603
7.235  0.597
7.240  0.577
7.245  0.558
7.250  0.526
7.255  0.494
7.260  0.442
7.265  0.416
7.270  0.352
7.275  0.313
7.280  0.235
7.285  0.171
7.290  0.100
7.295  0.023
7.300  -0.048
7.305  -0.126
7.310  -0.190
7.315  -0.248
7.320  -0.165
7.325  -0.339
7.330  -0.384
7.335  -0.410
7.340  -0.455
7.345  -0.500
7.350  -0.526
7.355  -0.552
7.360  -0.571
7.365  -0.577
7.370  -0.584
7.375  -0.571
7.380  -0.545
7.385  -0.513
7.390  -0.481
7.395  -0.442
7.400  -0.397
7.405  -0.352
7.410  -0.313
7.415  -0.268
7.420  -0.203
7.425  -0.171
7.430  -0.119
7.435  -0.061
7.440  0.003
7.445  0.081
7.450  0.132
7.455  0.203
7.460  0.203
7.465  0.313
7.470  0.365
7.475  0.390
7.480  0.416
7.485  0.442
7.490  0.461
7.495  0.487
7.500  0.487
7.505  0.494
7.510  0.500
7.515  0.494
7.520  0.494
7.525  0.487
7.530  0.461
7.535  0.429
7.540  0.390
7.545  0.339
7.550  0.287
7.555  0.235
7.560  0.184
7.565  0.145
7.570  0.094
7.575  0.042
7.580  -0.010
7.585  -0.068
7.590  -0.113
7.595  -0.158
7.600  -0.177
7.605  -0.255
7.610  -0.313
7.615  -0.339
7.620  -0.371
7.625  -0.410
7.630  -0.435
7.635  -0.455
7.640  -0.455
7.645  -0.448
7.650  -0.435
7.655  -0.410
7.660  -0.403
7.665  -0.390
7.670  -0.377
7.675  -0.352
7.680  -0.332
7.685  -0.313
7.690  -0.274
7.695  -0.229
7.700  -0.165
7.705  -0.126
7.710  -0.074
7.715  -0.023
7.720  0.042
7.725  0.094
7.730  0.132
7.735  0.165
7.740  0.177
7.745  0.229
7.750  0.248
7.755  0.287
7.760  0.319
7.765  0.352
7.770  0.371
7.775  0.390
7.780  0.416
7.785  0.416
7.790  0.416
7.795  0.390
7.800  0.365
7.805  0.352
7.810  0.319
7.815  0.287
7.820  0.268
7.825  0.242
7.830  0.223
7.835  0.190
7.840  0.158
7.845  0.126
7.850  0.081
7.855  0.042
7.860  -0.003
7.865  -0.061
7.870  -0.100
7.875  0.023
7.880  -0.158
7.885  -0.184
7.890  -0.203
7.895  -0.242
7.900  -0.255
7.905  -0.281
7.910  -0.274
7.915  -0.287
7.920  -0.294
7.925  -0.313
7.930  -0.313
7.935  -0.294
7.940  -0.294
7.945  -0.287
7.950  -0.268
7.955  -0.242
7.960  -0.203
7.965  -0.165
7.970  -0.139
7.975  -0.100
7.980  -0.061
7.985  -0.029
7.990  -0.003
7.995  0.023
8.000  0.055
8.005  0.081
8.010  0.106
8.015  0.055
8.020  0.171
8.025  0.203
8.030  0.242
8.035  0.274
8.040  0.313
8.045  0.319
8.050  0.313
8.055  0.313
8.060  0.300
8.065  0.300
8.070  0.287
8.075  0.287
8.080  0.274
8.085  0.261
8.090  0.261
8.095  0.242
8.100  0.229
8.105  0.203
8.110  0.177
8.115  0.152
8.120  0.119
8.125  0.074
8.130  0.048
8.135  0.010
8.140  -0.023
8.145  -0.035
8.150  -0.055
8.155  -0.023
8.160  -0.087
8.165  -0.100
8.170  -0.119
8.175  -0.145
8.180  -0.165
8.185  -0.184
8.190  -0.184
8.195  -0.197
8.200  -0.197
8.205  -0.190
8.210  -0.165
8.215  -0.158
8.220  -0.139
8.225  -0.139
8.230  -0.119
8.235  -0.100
8.240  -0.094
8.245  -0.074
8.250  -0.061
8.255  -0.042
8.260  -0.029
8.265  -0.029
8.270  0.003
8.275  0.029
8.280  0.055
8.285  0.087
8.290  0.106
8.295  0.119
8.300  0.158
8.305  0.165
8.310  0.171
8.315  0.171
8.320  0.171
8.325  0.171
8.330  0.165
8.335  0.171
8.340  0.177
8.345  0.184
8.350  0.177
8.355  0.177
8.360  0.171
8.365  0.171
8.370  0.145
8.375  0.119
8.380  0.100
8.385  0.068
8.390  0.055
8.395  0.035
8.400  0.029
8.405  0.029
8.410  0.016
8.415  0.003
8.420  -0.016
8.425  -0.010
8.430  -0.029
8.435  -0.035
8.440  -0.068
8.445  -0.087
8.450  -0.094
8.455  -0.100
8.460  -0.100
8.465  -0.094
8.470  -0.087
8.475  -0.074
8.480  -0.061
8.485  -0.048
8.490  -0.029
8.495  -0.035
8.500  -0.029
8.505  -0.029
8.510  -0.023
8.515  -0.003
8.520  0.003
8.525  0.029
8.530  0.061
8.535  0.074
8.540  0.074
8.545  0.087
8.550  0.100
8.555  0.113
8.560  0.113
8.565  0.113
8.570  -0.010
8.575  0.100
8.580  0.119
8.585  0.113
8.590  0.106
8.595  0.113
8.600  0.106
8.605  0.100
8.610  0.106
8.615  0.106
8.620  0.100
8.625  0.081
8.630  0.074
8.635  0.055
8.640  0.035
8.645  0.023
8.650  -0.003
8.655  -0.003
8.660  -0.003
8.665  -0.010
8.670  -0.016
8.675  -0.023
8.680  -0.016
8.685  -0.016
8.690  -0.023
8.695  -0.042
8.700  -0.048
8.705  -0.061
8.710  -0.003
8.715  -0.055
8.720  -0.055
8.725  -0.042
8.730  -0.029
8.735  -0.010
8.740  0.010
8.745  0.016
8.750  0.029
8.755  0.029
8.760  0.035
8.765  0.048
8.770  0.048
8.775  0.055
8.780  0.061
8.785  0.081
8.790  0.106
8.795  0.126
8.800  0.145
8.805  0.152
8.810  0.152
8.815  0.152
8.820  0.139
8.825  0.139
8.830  0.132
8.835  0.132
8.840  0.119
8.845  0.113
8.850  0.081
8.855  0.113
8.860  0.100
8.865  0.087
8.870  0.087
8.875  0.061
8.880  0.048
8.885  0.016
8.890  -0.003
8.895  -0.023
8.900  -0.048
8.905  -0.061
8.910  -0.081
8.915  -0.081
8.920  -0.087
8.925  -0.106
8.930  -0.119
8.935  -0.119
8.940  -0.119
8.945  -0.113
8.950  -0.126
8.955  -0.119
8.960  -0.126
8.965  -0.132
8.970  -0.126
8.975  -0.126
8.980  -0.100
8.985  -0.087
8.990  -0.055
8.995  -0.048
9.000  -0.023
9.005  0.003
9.010  0.029
9.015  0.035
9.020  0.048
9.025  0.074
9.030  0.068
9.035  0.094
9.040  0.113
9.045  0.139
9.050  0.177
9.055  0.190
9.060  0.216
9.065  0.229
9.070  0.242
9.075  0.242
9.080  0.229
9.085  0.223
9.090  0.216
9.095  0.203
9.100  0.203
9.105  0.197
9.110  0.190
9.115  0.184
9.120  0.165
9.125  0.003
9.130  0.139
9.135  0.126
9.140  0.087
9.145  0.055
9.150  0.023
9.155  -0.003
9.160  -0.035
9.165  -0.061
9.170  -0.081
9.175  -0.100
9.180  -0.106
9.185  -0.139
9.190  -0.152
9.195  -0.171
9.200  -0.197
9.205  -0.203
9.210  -0.229
9.215  -0.229
9.220  -0.235
9.225  -0.242
9.230  -0.229
9.235  -0.203
9.240  -0.197
9.245  -0.190
9.250  -0.177
9.255  -0.145
9.260  -0.113
9.265  0.003
9.270  -0.061
9.275  -0.042
9.280  -0.010
9.285  0.016
9.290  0.042
9.295  0.074
9.300  0.106
9.305  0.152
9.310  0.190
9.315  0.235
9.320  0.268
9.325  0.294
9.330  0.313
9.335  0.332
9.340  0.345
9.345  0.352
9.350  0.352
9.355  0.345
9.360  0.352
9.365  0.352
9.370  0.352
9.375  0.339
9.380  0.332
9.385  0.326
9.390  0.300
9.395  0.274
9.400  0.229
9.405  0.145
9.410  0.145
9.415  0.106
9.420  0.068
9.425  0.042
9.430  0.010
9.435  -0.016
9.440  -0.061
9.445  -0.081
9.450  -0.119
9.455  -0.165
9.460  -0.203
9.465  -0.242
9.470  -0.261
9.475  -0.294
9.480  -0.319
9.485  -0.332
9.490  -0.332
9.495  -0.332
9.500  -0.332
9.505  -0.319
9.510  -0.313
9.515  -0.274
9.520  -0.261
9.525  -0.248
9.530  -0.229
9.535  -0.203
9.540  -0.171
9.545  -0.126
9.550  -0.094
9.555  -0.048
9.560  0.003
9.565  0.055
9.570  0.100
9.575  0.145
9.580  0.197
9.585  0.235
9.590  0.281
9.595  0.313
9.600  0.352
9.605  0.371
9.610  0.416
9.615  0.423
9.620  0.448
9.625  0.461
9.630  0.494
9.635  0.494
9.640  0.506
9.645  0.494
9.650  0.487
9.655  0.461
9.660  0.435
9.665  0.416
9.670  0.365
9.675  0.319
9.680  0.281
9.685  0.229
9.690  0.197
9.695  0.165
9.700  0.119
9.705  0.081
9.710  0.023
9.715  -0.035
9.720  -0.100
9.725  -0.158
9.730  -0.203
9.735  -0.268
9.740  -0.313
9.745  -0.332
9.750  -0.352
9.755  -0.371
9.760  -0.397
9.765  -0.410
9.770  -0.410
9.775  -0.410
9.780  -0.410
9.785  -0.435
9.790  -0.410
9.795  -0.397
9.800  -0.377
9.805  -0.339
9.810  -0.313
9.815  -0.255
9.820  -0.094
9.825  -0.152
9.830  -0.094
9.835  -0.035
9.840  0.016
9.845  0.061
9.850  0.113
9.855  0.158
9.860  0.216
9.865  0.268
9.870  0.326
9.875  0.390
9.880  0.435
9.885  0.494
9.890  0.513
9.895  0.552
9.900  0.577
9.905  0.597
9.910  0.610
9.915  0.603
9.920  0.597
9.925  0.584
9.930  0.558
9.935  0.545
9.940  0.513
9.945  0.494
9.950  0.461
9.955  0.416
9.960  0.326
9.965  0.319
9.970  0.255
9.975  0.184
9.980  0.126
9.985  0.048
9.990  -0.029
9.995  -0.094
10.000  -0.165
10.005  -0.203
10.010  -0.274
10.015  -0.313
10.020  -0.365
10.025  -0.397
10.030  -0.435
10.035  -0.487
10.040  -0.513
10.045  -0.545
10.050  -0.571
10.055  -0.584
10.060  -0.571
10.065  -0.552
10.070  -0.513
10.075  -0.494
10.080  -0.455
10.085  -0.410
10.090  -0.365
10.095  -0.319
10.100  -0.248
10.105  -0.203
10.110  -0.158
10.115  -0.100
10.120  -0.029
10.125  0.035
10.130  0.119
10.135  0.197
10.140  0.281
10.145  0.352
10.150  0.423
10.155  0.474
10.160  0.526
10.165  0.565
10.170  0.623
10.175  0.642
10.180  0.661
10.185  0.687
10.190  0.700
10.195  0.713
10.200  0.713
10.205  0.700
10.210  0.681
10.215  0.648
10.220  0.623
10.225  0.577
10.230  0.526
10.235  0.461
10.240  0.384
10.245  0.319
10.250  0.255
10.255  0.177
10.260  0.106
10.265  0.035
10.270  -0.035
10.275  -0.106
10.280  -0.184
10.285  -0.255
10.290  -0.332
10.295  -0.390
10.300  -0.448
10.305  -0.494
10.310  -0.571
10.315  -0.623
10.320  -0.661
10.325  -0.668
10.330  -0.681
10.335  -0.687
10.340  -0.668
10.345  -0.655
10.350  -0.629
10.355  -0.603
10.360  -0.577
10.365  -0.539
10.370  -0.500
10.375  -0.294
10.380  -0.377
10.385  -0.313
10.390  -0.203
10.395  -0.132
10.400  -0.055
10.405  0.035
10.410  0.119
10.415  0.203
10.420  0.274
10.425  0.345
10.430  0.423
10.435  0.487
10.440  0.545
10.445  0.597
10.450  0.661
10.455  0.713
10.460  0.765
10.465  0.790
10.470  0.823
10.475  0.823
10.480  0.810
10.485  0.790
10.490  0.752
10.495  0.726
10.500  0.681
10.505  0.635
10.510  0.577
10.515  0.429
10.520  0.442
10.525  0.371
10.530  0.300
10.535  0.223
10.540  0.132
10.545  0.042
10.550  -0.061
10.555  -0.152
10.560  -0.242
10.565  -0.332
10.570  -0.410
10.575  -0.487
10.580  -0.545
10.585  -0.610
10.590  -0.661
10.595  -0.700
10.600  -0.739
10.605  -0.771
10.610  -0.790
10.615  -0.816
10.620  -0.810
10.625  -0.790
10.630  -0.777
10.635  -0.758
10.640  -0.719
10.645  -0.674
10.650  -0.603
10.655  -0.494
10.660  -0.442
10.665  -0.365
10.670  -0.294
10.675  -0.197
10.680  -0.126
10.685  -0.029
10.690  0.055
10.695  0.126
10.700  0.223
10.705  0.319
10.710  0.416
10.715  0.513
10.720  0.597
10.725  0.668
10.730  0.726
10.735  0.777
10.740  0.810
10.745  0.823
10.750  0.842
10.755  0.848
10.760  0.848
10.765  0.842
10.770  0.816
10.775  0.790
10.780  0.752
10.785  0.713
10.790  0.661
10.795  0.571
10.800  0.494
10.805  0.416
10.810  0.300
10.815  0.203
10.820  0.106
10.825  -0.003
10.830  -0.100
10.835  -0.197
10.840  -0.287
10.845  -0.371
10.850  -0.461
10.855  -0.539
10.860  -0.629
10.865  -0.713
10.870  -0.771
10.875  -0.835
10.880  -0.874
10.885  -0.919
10.890  -0.945
10.895  -0.939
10.900  -0.939
10.905  -0.913
10.910  -0.894
10.915  -0.861
10.920  -0.803
10.925  -0.758
10.930  -0.687
10.935  -0.629
10.940  -0.558
10.945  -0.461
10.950  -0.365
10.955  -0.281
10.960  -0.177
10.965  -0.068
10.970  0.042
10.975  0.158
10.980  0.261
10.985  0.371
10.990  0.461
10.995  0.558
11.000  0.635
11.005  0.700
11.010  0.765
11.015  0.810
11.020  0.855
11.025  0.900
11.030  0.932
11.035  0.952
11.040  0.958
11.045  0.945
11.050  0.939
11.055  0.894
11.060  0.842
11.065  0.784
11.070  0.597
11.075  0.623
11.080  0.532
11.085  0.448
11.090  0.352
11.095  0.255
11.100  0.152
11.105  0.055
11.110  -0.055
11.115  -0.165
11.120  -0.287
11.125  -0.403
11.130  -0.506
11.135  -0.623
11.140  -0.700
11.145  -0.784
11.150  -0.855
11.155  -0.906
11.160  -0.958
11.165  -0.990
11.170  -1.016
11.175  -1.016
11.180  -1.016
11.185  -1.016
11.190  -1.003
11.195  -0.971
11.200  -0.932
11.205  -0.874
11.210  -0.758
11.215  -0.739
11.220  -0.642
11.225  -0.545
11.230  -0.435
11.235  -0.332
11.240  -0.203
11.245  -0.100
11.250  0.016
11.255  0.132
11.260  0.242
11.265  0.352
11.270  0.455
11.275  0.552
11.280  0.642
11.285  0.739
11.290  0.823
11.295  0.894
11.300  0.952
11.305  0.997
11.310  1.029
11.315  1.029
11.320  1.029
11.325  1.016
11.330  0.997
11.335  0.965
11.340  0.913
11.345  0.855
11.350  0.765
11.355  0.713
11.360  0.629
11.365  0.539
11.370  0.435
11.375  0.319
11.380  0.197
11.385  0.081
11.390  -0.048
11.395  -0.177
11.400  -0.313
11.405  -0.410
11.410  -0.526
11.415  -0.623
11.420  -0.706
11.425  -0.784
11.430  -0.855
11.435  -0.932
11.440  -0.990
11.445  -1.048
11.450  -1.081
11.455  -1.100
11.460  -1.119
11.465  -1.113
11.470  -1.094
11.475  -1.048
11.480  -1.003
11.485  -0.932
11.490  -0.842
11.495  -0.765
11.500  -0.674
11.505  -0.584
11.510  -0.494
11.515  -0.377
11.520  -0.255
11.525  -0.145
11.530  -0.016
11.535  0.113
11.540  0.248
11.545  0.377
11.550  0.494
11.555  0.603
11.560  0.713
11.565  0.816
11.570  0.894
11.575  0.965
11.580  1.016
11.585  1.061
11.590  1.094
11.595  1.139
11.600  1.139
11.605  1.126
11.610  1.113
11.615  1.068
11.620  1.029
11.625  0.823
11.630  0.900
11.635  0.810
11.640  0.713
11.645  0.623
11.650  0.494
11.655  0.371
11.660  0.248
11.665  0.113
11.670  -0.010
11.675  -0.139
11.680  -0.261
11.685  -0.371
11.690  -0.494
11.695  -0.597
11.700  -0.706
11.705  -0.816
11.710  -0.906
11.715  -0.997
11.720  -1.068
11.725  -1.119
11.730  -1.152
11.735  -1.171
11.740  -1.177
11.745  -1.158
11.750  -1.119
11.755  -1.087
11.760  -1.055
11.765  -0.919
11.770  -0.939
11.775  -0.848
11.780  -0.758
11.785  -0.661
11.790  -0.552
11.795  -0.410
11.800  -0.287
11.805  -0.152
11.810  -0.003
11.815  0.132
11.820  0.255
11.825  0.377
11.830  0.494
11.835  0.623
11.840  0.726
11.845  0.829
11.850  0.926
11.855  1.016
11.860  1.094
11.865  1.152
11.870  1.190
11.875  1.242
11.880  1.248
11.885  1.255
11.890  1.242
11.895  1.190
11.900  1.139
11.905  1.029
11.910  0.990
11.915  0.906
11.920  0.816
11.925  0.706
11.930  0.597
11.935  0.474
11.940  0.352
11.945  0.223
11.950  0.074
11.955  -0.061
11.960  -0.203
11.965  -0.352
11.970  -0.481
11.975  -0.610
11.980  -0.719
11.985  -0.829
11.990  -0.926
11.995  -1.003
12.000  -1.074
12.005  -1.113
12.010  -1.152
12.015  -1.177
12.020  -1.190
12.025  -1.210
12.030  -1.197
12.035  -1.177
12.040  -1.139
12.045  -1.055
12.050  -0.997
12.055  -0.900
12.060  -0.803
12.065  -0.681
12.070  -0.552
12.075  -0.410
12.080  -0.294
12.085  -0.165
12.090  -0.035
12.095  0.094
12.100  0.223
12.105  0.352
12.110  0.494
12.115  0.629
12.120  0.765
12.125  0.881
12.130  0.977
12.135  1.081
12.140  1.152
12.145  1.203
12.150  1.242
12.155  1.268
12.160  1.281
12.165  1.281
12.170  1.261
12.175  1.242
12.180  1.152
12.185  1.139
12.190  1.068
12.195  0.984
12.200  0.894
12.205  0.777
12.210  0.661
12.215  0.513
12.220  0.384
12.225  0.235
12.230  0.087
12.235  -0.061
12.240  -0.197
12.245  -0.332
12.250  -0.474
12.255  -0.597
12.260  -0.719
12.265  -0.829
12.270  -0.932
12.275  -1.016
12.280  -1.106
12.285  -1.177
12.290  -1.223
12.295  -1.261
12.300  -1.281
12.305  -1.281
12.310  -1.274
12.315  -1.235
12.320  -1.081
12.325  -1.113
12.330  -1.023
12.335  -0.945
12.340  -0.848
12.345  -0.752
12.350  -0.635
12.355  -0.513
12.360  -0.384
12.365  -0.229
12.370  -0.081
12.375  0.081
12.380  0.229
12.385  0.365
12.390  0.513
12.395  0.668
12.400  0.790
12.405  0.900
12.410  0.997
12.415  1.081
12.420  1.165
12.425  1.216
12.430  1.274
12.435  1.332
12.440  1.358
12.445  1.377
12.450  1.365
12.455  1.339
12.460  1.242
12.465  1.216
12.470  1.139
12.475  1.029
12.480  0.932
12.485  0.823
12.490  0.700
12.495  0.577
12.500  0.435
12.505  0.294
12.510  0.145
12.515  -0.010
12.520  -0.152
12.525  -0.294
12.530  -0.435
12.535  -0.577
12.540  -0.726
12.545  -0.848
12.550  -0.971
12.555  -1.061
12.560  -1.145
12.565  -1.203
12.570  -1.235
12.575  -1.294
12.580  -1.313
12.585  -1.319
12.590  -1.319
12.595  -1.306
12.600  -1.235
12.605  -1.203
12.610  -1.119
12.615  -1.029
12.620  -0.952
12.625  -0.835
12.630  -0.706
12.635  -0.577
12.640  -0.435
12.645  -0.287
12.650  -0.132
12.655  0.023
12.660  0.177
12.665  0.326
12.670  0.461
12.675  0.603
12.680  0.726
12.685  0.855
12.690  0.977
12.695  1.081
12.700  1.177
12.705  1.248
12.710  1.319
12.715  1.371
12.720  1.403
12.725  1.397
12.730  1.390
12.735  1.358
12.740  1.287
12.745  1.242
12.750  1.158
12.755  1.081
12.760  0.984
12.765  0.887
12.770  0.765
12.775  0.635
12.780  0.494
12.785  0.326
12.790  0.165
12.795  0.003
12.800  -0.158
12.805  -0.313
12.810  -0.461
12.815  -0.597
12.820  -0.726
12.825  -0.855
12.830  -0.971
12.835  -1.068
12.840  -1.145
12.845  -1.216
12.850  -1.287
12.855  -1.339
12.860  -1.377
12.865  -1.390
12.870  -1.384
12.875  -1.203
12.880  -1.300
12.885  -1.235
12.890  -1.158
12.895  -1.081
12.900  -0.984
12.905  -0.881
12.910  -0.752
12.915  -0.623
12.920  -0.487
12.925  -0.339
12.930  -0.190
12.935  -0.035
12.940  0.113
12.945  0.274
12.950  0.435
12.955  0.571
12.960  0.719
12.965  0.861
12.970  0.990
12.975  1.100
12.980  1.190
12.985  1.261
12.990  1.319
12.995  1.358
13.000  1.390
13.005  1.397
13.010  1.403
13.015  1.319
13.020  1.358
13.025  1.319
13.030  1.242
13.035  1.158
13.040  1.061
13.045  0.945
13.050  0.810
13.055  0.668
13.060  0.506
13.065  0.345
13.070  0.184
13.075  0.035
13.080  -0.106
13.085  -0.261
13.090  -0.410
13.095  -0.558
13.100  -0.700
13.105  -0.835
13.110  -0.971
13.115  -1.087
13.120  -1.190
13.125  -1.261
13.130  -1.326
13.135  -1.384
13.140  -1.416
13.145  -1.423
13.150  -1.423
13.155  -1.358
13.160  -1.358
13.165  -1.313
13.170  -1.235
13.175  -1.171
13.180  -1.074
13.185  -0.971
13.190  -0.855
13.195  -0.719
13.200  -0.558
13.205  -0.397
13.210  -0.229
13.215  -0.074
13.220  0.081
13.225  0.248
13.230  0.416
13.235  0.558
13.240  0.687
13.245  0.816
13.250  0.939
13.255  1.042
13.260  1.152
13.265  1.242
13.270  1.319
13.275  1.371
13.280  1.403
13.285  1.448
13.290  1.448
13.295  1.403
13.300  1.384
13.305  1.319
13.310  1.261
13.315  1.165
13.320  1.061
13.325  0.952
13.330  0.829
13.335  0.706
13.340  0.558
13.345  0.416
13.350  0.248
13.355  0.094
13.360  -0.061
13.365  -0.203
13.370  -0.377
13.375  -0.539
13.380  -0.694
13.385  -0.842
13.390  -0.952
13.395  -1.068
13.400  -1.158
13.405  -1.235
13.410  -1.319
13.415  -1.365
13.420  -1.416
13.425  -1.429
13.430  -1.358
13.435  -1.423
13.440  -1.403
13.445  -1.358
13.450  -1.287
13.455  -1.210
13.460  -1.113
13.465  -0.990
13.470  -0.861
13.475  -0.726
13.480  -0.571
13.485  -0.410
13.490  -0.268
13.495  -0.126
13.500  0.029
13.505  0.184
13.510  0.332
13.515  0.500
13.520  0.661
13.525  0.803
13.530  0.932
13.535  1.055
13.540  1.158
13.545  1.261
13.550  1.326
13.555  1.384
13.560  1.416
13.565  1.429
13.570  1.339
13.575  1.423
13.580  1.397
13.585  1.339
13.590  1.287
13.595  1.216
13.600  1.113
13.605  1.010
13.610  0.894
13.615  0.758
13.620  0.623
13.625  0.455
13.630  0.287
13.635  0.126
13.640  -0.042
13.645  -0.203
13.650  -0.352
13.655  -0.500
13.660  -0.648
13.665  -0.784
13.670  -0.900
13.675  -1.016
13.680  -1.126
13.685  -1.216
13.690  -1.287
13.695  -1.365
13.700  -1.416
13.705  -1.455
13.710  -1.416
13.715  -1.448
13.720  -1.423
13.725  -1.358
13.730  -1.300
13.735  -1.216
13.740  -1.119
13.745  -1.029
13.750  -0.900
13.755  -0.784
13.760  -0.648
13.765  -0.500
13.770  -0.352
13.775  -0.184
13.780  -0.010
13.785  0.165
13.790  0.332
13.795  0.481
13.800  0.642
13.805  0.790
13.810  0.906
13.815  1.029
13.820  1.126
13.825  1.242
13.830  1.300
13.835  1.358
13.840  1.423
13.845  1.461
13.850  1.448
13.855  1.461
13.860  1.448
13.865  1.397
13.870  1.339
13.875  1.248
13.880  1.158
13.885  1.048
13.890  0.919
13.895  0.784
13.900  0.635
13.905  0.500
13.910  0.345
13.915  0.184
13.920  0.023
13.925  -0.139
13.930  -0.294
13.935  -0.448
13.940  -0.597
13.945  -0.745
13.950  -0.874
13.955  -0.997
13.960  -1.119
13.965  -1.210
13.970  -1.287
13.975  -1.358
13.980  -1.397
13.985  -1.429
13.990  -1.416
13.995  -1.416
14.000  -1.397
14.005  -1.358
14.010  -1.306
14.015  -1.235
14.020  -1.165
14.025  -1.068
14.030  -0.958
14.035  -0.816
14.040  -0.668
14.045  -0.513
14.050  -0.365
14.055  -0.197
14.060  -0.029
14.065  0.119
14.070  0.268
14.075  0.423
14.080  0.565
14.085  0.700
14.090  0.842
14.095  0.971
14.100  1.094
14.105  1.197
14.110  1.287
14.115  1.365
14.120  1.423
14.125  1.306
14.130  1.448
14.135  1.448
14.140  1.423
14.145  1.384
14.150  1.319
14.155  1.242
14.160  1.165
14.165  1.068
14.170  0.965
14.175  0.829
14.180  0.700
14.185  0.552
14.190  0.416
14.195  0.235
14.200  0.068
14.205  -0.087
14.210  -0.255
14.215  -0.410
14.220  -0.571
14.225  -0.706
14.230  -0.829
14.235  -0.952
14.240  -1.068
14.245  -1.158
14.250  -1.235
14.255  -1.300
14.260  -1.358
14.265  -1.319
14.270  -1.410
14.275  -1.423
14.280  -1.410
14.285  -1.384
14.290  -1.332
14.295  -1.235
14.300  -1.165
14.305  -1.055
14.310  -0.932
14.315  -0.803
14.320  -0.681
14.325  -0.539
14.330  -0.403
14.335  -0.242
14.340  -0.094
14.345  0.061
14.350  0.223
14.355  0.384
14.360  0.545
14.365  0.694
14.370  0.829
14.375  0.965
14.380  1.081
14.385  1.177
14.390  1.248
14.395  1.332
14.400  1.377
14.405  1.371
14.410  1.416
14.415  1.423
14.420  1.410
14.425  1.390
14.430  1.339
14.435  1.287
14.440  1.216
14.445  1.113
14.450  0.997
14.455  0.861
14.460  0.719
14.465  0.571
14.470  0.416
14.475  0.255
14.480  0.100
14.485  -0.042
14.490  -0.177
14.495  -0.332
14.500  -0.481
14.505  -0.623
14.510  -0.777
14.515  -0.900
14.520  -1.023
14.525  -1.119
14.530  -1.203
14.535  -1.287
14.540  -1.332
14.545  -1.358
14.550  -1.384
14.555  -1.384
14.560  -1.371
14.565  -1.339
14.570  -1.300
14.575  -1.235
14.580  -1.145
14.585  -1.068
14.590  -0.971
14.595  -0.855
14.600  -0.732
14.605  -0.590
14.610  -0.435
14.615  -0.274
14.620  -0.119
14.625  0.042
14.630  0.203
14.635  0.365
14.640  0.513
14.645  0.642
14.650  0.771
14.655  0.900
14.660  1.016
14.665  1.106
14.670  1.203
14.675  1.281
14.680  1.242
14.685  1.384
14.690  1.410
14.695  1.429
14.700  1.416
14.705  1.390
14.710  1.339
14.715  1.268
14.720  1.184
14.725  1.074
14.730  0.958
14.735  0.842
14.740  0.739
14.745  0.623
14.750  0.474
14.755  0.332
14.760  0.184
14.765  0.023
14.770  -0.139
14.775  -0.313
14.780  -0.461
14.785  -0.597
14.790  -0.732
14.795  -0.855
14.800  -0.965
14.805  -1.055
14.810  -1.139
14.815  -1.197
14.820  -1.152
14.825  -1.287
14.830  -1.326
14.835  -1.339
14.840  -1.339
14.845  -1.319
14.850  -1.281
14.855  -1.235
14.860  -1.158
14.865  -1.061
14.870  -0.952
14.875  -0.835
14.880  -0.719
14.885  -0.584
14.890  -0.442
14.895  -0.294
14.900  -0.152
14.905  0.003
14.910  0.145
14.915  0.300
14.920  0.429
14.925  0.571
14.930  0.700
14.935  0.829
14.940  0.958
14.945  1.068
14.950  1.171
14.955  1.242
14.960  1.248
14.965  1.332
14.970  1.365
14.975  1.377
14.980  1.365
14.985  1.339
14.990  1.287
14.995  1.242
15.000  1.165
15.005  1.094
15.010  0.990
15.015  0.894
15.020  0.771
15.025  0.635
15.030  0.494
15.035  0.339
15.040  0.197
15.045  0.035
15.050  -0.132
15.055  -0.281
15.060  -0.410
15.065  -0.558
15.070  -0.668
15.075  -0.777
15.080  -0.881
15.085  -0.984
15.090  -1.087
15.095  -1.171
15.100  -1.210
15.105  -1.274
15.110  -1.319
15.115  -1.339
15.120  -1.326
15.125  -1.306
15.130  -1.235
15.135  -1.190
15.140  -1.113
15.145  -1.029
15.150  -0.945
15.155  -0.848
15.160  -0.739
15.165  -0.623
15.170  -0.494
15.175  -0.365
15.180  -0.203
15.185  -0.048
15.190  0.094
15.195  0.248
15.200  0.390
15.205  0.513
15.210  0.655
15.215  0.777
15.220  0.894
15.225  0.990
15.230  1.074
15.235  1.152
15.240  1.197
15.245  1.255
15.250  1.287
15.255  1.306
15.260  1.319
15.265  1.287
15.270  1.274
15.275  1.242
15.280  1.158
15.285  1.081
15.290  0.977
15.295  0.881
15.300  0.752
15.305  0.629
15.310  0.494
15.315  0.365
15.320  0.216
15.325  0.068
15.330  -0.074
15.335  -0.203
15.340  -0.332
15.345  -0.468
15.350  -0.603
15.355  -0.726
15.360  -0.842
15.365  -0.945
15.370  -1.042
15.375  -0.984
15.380  -1.177
15.385  -1.216
15.390  -1.235
15.395  -1.235
15.400  -1.235
15.405  -1.229
15.410  -1.216
15.415  -1.171
15.420  -1.113
15.425  -1.029
15.430  -0.958
15.435  -0.868
15.440  -0.752
15.445  -0.629
15.450  -0.500
15.455  -0.365
15.460  -0.203
15.465  -0.061
15.470  0.074
15.475  0.203
15.480  0.326
15.485  0.455
15.490  0.571
15.495  0.694
15.500  0.797
15.505  0.900
15.510  0.997
15.515  1.003
15.520  1.152
15.525  1.203
15.530  1.242
15.535  1.248
15.540  1.242
15.545  1.242
15.550  1.197
15.555  1.152
15.560  1.081
15.565  1.010
15.570  0.939
15.575  0.842
15.580  0.739
15.585  0.629
15.590  0.506
15.595  0.384
15.600  0.235
15.605  0.087
15.610  -0.055
15.615  -0.184
15.620  -0.319
15.625  -0.455
15.630  -0.577
15.635  -0.700
15.640  -0.797
15.645  -0.894
15.650  -0.971
15.655  -1.003
15.660  -1.100
15.665  -1.152
15.670  -1.203
15.675  -1.216
15.680  -1.229
15.685  -1.229
15.690  -1.210
15.695  -1.165
15.700  -1.100
15.705  -1.016
15.710  -0.939
15.715  -0.842
15.720  -0.745
15.725  -0.629
15.730  -0.513
15.735  -0.403
15.740  -0.268
15.745  -0.139
15.750  -0.010
15.755  0.119
15.760  0.242
15.765  0.384
15.770  0.513
15.775  0.635
15.780  0.758
15.785  0.868
15.790  0.939
15.795  0.997
15.800  1.055
15.805  1.094
15.810  1.126
15.815  1.139
15.820  1.158
15.825  1.145
15.830  1.139
15.835  1.100
15.840  1.055
15.845  0.990
15.850  0.906
15.855  0.810
15.860  0.713
15.865  0.597
15.870  0.474
15.875  0.358
15.880  0.223
15.885  0.106
15.890  -0.023
15.895  -0.139
15.900  -0.261
15.905  -0.377
15.910  -0.487
15.915  -0.603
15.920  -0.713
15.925  -0.816
15.930  -0.777
15.935  -0.971
15.940  -1.029
15.945  -1.094
15.950  -1.126
15.955  -1.145
15.960  -1.145
15.965  -1.139
15.970  -1.113
15.975  -1.061
15.980  -1.023
15.985  -0.965
15.990  -0.900
15.995  -0.829
16.000  -0.739
16.005  -0.655
16.010  -0.539
16.015  -0.410
16.020  -0.294
16.025  -0.165
16.030  -0.035
16.035  0.094
16.040  0.229
16.045  0.345
16.050  0.455
16.055  0.558
16.060  0.655
16.065  0.745
16.070  0.713
16.075  0.881
16.080  0.952
16.085  1.010
16.090  1.055
16.095  1.081
16.100  1.100
16.105  1.113
16.110  1.081
16.115  1.029
16.120  0.977
16.125  0.906
16.130  0.835
16.135  0.739
16.140  0.655
16.145  0.571
16.150  0.461
16.155  0.365
16.160  0.242
16.165  0.132
16.170  0.023
16.175  -0.113
16.180  -0.235
16.185  -0.365
16.190  -0.474
16.195  -0.577
16.200  -0.681
16.205  -0.771
16.210  -0.803
16.215  -0.913
16.220  -0.965
16.225  -1.010
16.230  -1.029
16.235  -1.055
16.240  -1.068
16.245  -1.068
16.250  -1.055
16.255  -1.029
16.260  -0.990
16.265  -0.939
16.270  -0.881
16.275  -0.797
16.280  -0.719
16.285  -0.610
16.290  -0.506
16.295  -0.390
16.300  -0.268
16.305  -0.165
16.310  -0.055
16.315  0.048
16.320  0.158
16.325  0.268
16.330  0.377
16.335  0.481
16.340  0.584
16.345  0.674
16.350  0.745
16.355  0.842
16.360  0.906
16.365  0.952
16.370  0.984
16.375  1.003
16.380  1.010
16.385  1.010
16.390  0.977
16.395  0.945
16.400  0.906
16.405  0.861
16.410  0.803
16.415  0.732
16.420  0.661
16.425  0.584
16.430  0.494
16.435  0.377
16.440  0.268
16.445  0.152
16.450  0.029
16.455  -0.087
16.460  -0.203
16.465  -0.300
16.470  -0.397
16.475  -0.487
16.480  -0.571
16.485  -0.648
16.490  -0.706
16.495  -0.790
16.500  -0.861
16.505  -0.913
16.510  -0.958
16.515  -0.984
16.520  -0.990
16.525  -0.984
16.530  -0.958
16.535  -0.932
16.540  -0.887
16.545  -0.835
16.550  -0.777
16.555  -0.706
16.560  -0.642
16.565  -0.571
16.570  -0.481
16.575  -0.384
16.580  -0.281
16.585  -0.177
16.590  -0.074
16.595  0.029
16.600  0.132
16.605  0.235
16.610  0.352
16.615  0.455
16.620  0.545
16.625  0.481
16.630  0.687
16.635  0.752
16.640  0.797
16.645  0.848
16.650  0.868
16.655  0.894
16.660  0.919
16.665  0.919
16.670  0.919
16.675  0.900
16.680  0.874
16.685  0.835
16.690  0.771
16.695  0.700
16.700  0.623
16.705  0.532
16.710  0.442
16.715  0.345
16.720  0.255
16.725  0.165
16.730  0.074
16.735  -0.016
16.740  -0.100
16.745  -0.190
16.750  -0.287
16.755  -0.384
16.760  -0.487
16.765  -0.487
16.770  -0.635
16.775  -0.706
16.780  -0.765
16.785  -0.810
16.790  -0.823
16.795  -0.842
16.800  -0.842
16.805  -0.842
16.810  -0.823
16.815  -0.803
16.820  -0.790
16.825  -0.765
16.830  -0.719
16.835  -0.655
16.840  -0.577
16.845  -0.500
16.850  -0.410
16.855  -0.319
16.860  -0.235
16.865  -0.139
16.870  -0.042
16.875  0.048
16.880  0.145
16.885  0.235
16.890  0.326
16.895  0.416
16.900  0.494
16.905  0.513
16.910  0.629
16.915  0.687
16.920  0.758
16.925  0.797
16.930  0.835
16.935  0.868
16.940  0.881
16.945  0.881
16.950  0.855
16.955  0.835
16.960  0.797
16.965  0.745
16.970  0.700
16.975  0.648
16.980  0.590
16.985  0.526
16.990  0.442
16.995  0.371
17.000  0.300
17.005  0.216
17.010  0.126
17.015  0.029
17.020  -0.068
17.025  -0.152
17.030  -0.242
17.035  -0.332
17.040  -0.397
17.045  -0.442
17.050  -0.513
17.055  -0.558
17.060  -0.610
17.065  -0.642
17.070  -0.674
17.075  -0.687
17.080  -0.713
17.085  -0.726
17.090  -0.726
17.095  -0.726
17.100  -0.694
17.105  -0.655
17.110  -0.603
17.115  -0.545
17.120  -0.487
17.125  -0.410
17.130  -0.332
17.135  -0.255
17.140  -0.197
17.145  -0.139
17.150  -0.061
17.155  0.023
17.160  0.100
17.165  0.190
17.170  0.281
17.175  0.365
17.180  0.313
17.185  0.500
17.190  0.571
17.195  0.623
17.200  0.668
17.205  0.700
17.210  0.732
17.215  0.745
17.220  0.745
17.225  0.745
17.230  0.752
17.235  0.745
17.240  0.726
17.245  0.694
17.250  0.642
17.255  0.623
17.260  0.558
17.265  0.494
17.270  0.416
17.275  0.339
17.280  0.268
17.285  0.177
17.290  0.100
17.295  0.023
17.300  -0.055
17.305  -0.126
17.310  -0.197
17.315  -0.255
17.320  -0.203
17.325  -0.365
17.330  -0.410
17.335  -0.481
17.340  -0.526
17.345  -0.571
17.350  -0.623
17.355  -0.629
17.360  -0.642
17.365  -0.629
17.370  -0.623
17.375  -0.610
17.380  -0.584
17.385  -0.552
17.390  -0.506
17.395  -0.461
17.400  -0.410
17.405  -0.371
17.410  -0.313
17.415  -0.268
17.420  -0.203
17.425  -0.139
17.430  -0.061
17.435  0.029
17.440  0.100
17.445  0.197
17.450  0.261
17.455  0.319
17.460  0.332
17.465  0.416
17.470  0.455
17.475  0.506
17.480  0.545
17.485  0.590
17.490  0.623
17.495  0.648
17.500  0.661
17.505  0.661
17.510  0.661
17.515  0.642
17.520  0.623
17.525  0.590
17.530  0.545
17.535  0.506
17.540  0.448
17.545  0.416
17.550  0.339
17.555  0.294
17.560  0.235
17.565  0.184
17.570  0.119
17.575  0.055
17.580  -0.010
17.585  -0.087
17.590  -0.145
17.595  -0.203
17.600  -0.242
17.605  -0.319
17.610  -0.377
17.615  -0.410
17.620  -0.455
17.625  -0.487
17.630  -0.500
17.635  -0.513
17.640  -0.506
17.645  -0.506
17.650  -0.506
17.655  -0.500
17.660  -0.494
17.665  -0.474
17.670  -0.455
17.675  -0.410
17.680  -0.371
17.685  -0.319
17.690  -0.255
17.695  -0.203
17.700  -0.145
17.705  -0.094
17.710  -0.029
17.715  0.023
17.720  0.081
17.725  0.132
17.730  0.177
17.735  0.229
17.740  0.255
17.745  0.326
17.750  0.371
17.755  0.416
17.760  0.455
17.765  0.481
17.770  0.506
17.775  0.513
17.780  0.526
17.785  0.506
17.790  0.494
17.795  0.474
17.800  0.455
17.805  0.442
17.810  0.429
17.815  0.416
17.820  0.365
17.825  0.319
17.830  0.287
17.835  0.235
17.840  0.177
17.845  0.132
17.850  0.068
17.855  0.010
17.860  -0.042
17.865  -0.106
17.870  -0.158
17.875  -0.048
17.880  -0.223
17.885  -0.255
17.890  -0.294
17.895  -0.332
17.900  -0.365
17.905  -0.390
17.910  -0.410
17.915  -0.410
17.920  -0.435
17.925  -0.435
17.930  -0.448
17.935  -0.410
17.940  -0.410
17.945  -0.397
17.950  -0.371
17.955  -0.332
17.960  -0.287
17.965  -0.248
17.970  -0.203
17.975  -0.177
17.980  -0.145
17.985  -0.113
17.990  -0.074
17.995  -0.035
18.000  0.023
18.005  0.068
18.010  0.119
18.015  0.106
18.020  0.216
18.025  0.255
18.030  0.281
18.035  0.306
18.040  0.319
18.045  0.339
18.050  0.339
18.055  0.352
18.060  0.352
18.065  0.358
18.070  0.365
18.075  0.345
18.080  0.339
18.085  0.319
18.090  0.306
18.095  0.281
18.100  0.235
18.105  0.203
18.110  0.158
18.115  0.106
18.120  0.074
18.125  0.035
18.130  0.003
18.135  -0.029
18.140  -0.061
18.145  -0.094
18.150  -0.126
18.155  -0.126
18.160  -0.203
18.165  -0.229
18.170  -0.261
18.175  -0.287
18.180  -0.313
18.185  -0.345
18.190  -0.352
18.195  -0.345
18.200  -0.332
18.205  -0.332
18.210  -0.319
18.215  -0.313
18.220  -0.287
18.225  -0.281
18.230  -0.281
18.235  -0.255
18.240  -0.235
18.245  -0.203
18.250  -0.184
18.255  -0.158
18.260  -0.113
18.265  -0.087
18.270  -0.055
18.275  -0.010
18.280  0.029
18.285  0.068
18.290  0.094
18.295  0.100
18.300  0.139
18.305  0.158
18.310  0.165
18.315  0.177
18.320  0.197
18.325  0.223
18.330  0.235
18.335  0.248
18.340  0.248
18.345  0.248
18.350  0.248
18.355  0.242
18.360  0.223
18.365  0.197
18.370  0.171
18.375  0.132
18.380  0.106
18.385  0.074
18.390  0.061
18.395  0.048
18.400  0.029
18.405  0.016
18.410  -0.010
18.415  -0.029
18.420  -0.074
18.425  -0.113
18.430  0.003
18.435  -0.171
18.440  -0.203
18.445  -0.203
18.450  -0.223
18.455  -0.223
18.460  -0.229
18.465  -0.229
18.470  -0.229
18.475  -0.229
18.480  -0.223
18.485  -0.229
18.490  -0.223
18.495  -0.223
18.500  -0.203
18.505  -0.203
18.510  -0.197
18.515  -0.171
18.520  -0.139
18.525  -0.106
18.530  -0.087
18.535  -0.061
18.540  -0.048
18.545  -0.035
18.550  -0.023
18.555  0.003
18.560  0.023
18.565  0.029
18.570  -0.048
18.575  0.061
18.580  0.081
18.585  0.100
18.590  0.106
18.595  0.119
18.600  0.139
18.605  0.139
18.610  0.139
18.615  0.126
18.620  0.113
18.625  0.113
18.630  0.087
18.635  0.087
18.640  0.074
18.645  0.068
18.650  0.055
18.655  0.042
18.660  0.048
18.665  0.035
18.670  0.023
18.675  -0.003
18.680  -0.023
18.685  -0.042
18.690  -0.055
18.695  -0.087
18.700  -0.106
18.705  -0.113
18.710  -0.074
18.715  -0.106
18.720  -0.119
18.725  -0.100
18.730  -0.106
18.735  -0.113
18.740  -0.119
18.745  -0.132
18.750  -0.126
18.755  -0.132
18.760  -0.132
18.765  -0.119
18.770  -0.100
18.775  -0.081
18.780  -0.061
18.785  -0.042
18.790  -0.016
18.795  -0.003
18.800  0.003
18.805  0.003
18.810  0.003
18.815  0.016
18.820  0.016
18.825  0.023
18.830  0.029
18.835  0.048
18.840  0.068
18.845  0.087
18.850  0.068
18.855  0.094
18.860  0.100
18.865  0.081
18.870  0.081
18.875  0.061
18.880  0.055
18.885  0.048
18.890  0.029
18.895  0.029
18.900  0.016
18.905  0.016
18.910  0.010
18.915  -0.003
18.920  -0.003
18.925  -0.016
18.930  -0.035
18.935  -0.048
18.940  -0.061
18.945  -0.061
18.950  -0.087
18.955  -0.100
18.960  -0.100
18.965  -0.094
18.970  -0.087
18.975  -0.087
18.980  -0.081
18.985  -0.074
18.990  -0.068
18.995  -0.074
19.000  -0.055
19.005  -0.055
19.010  -0.061
19.015  -0.061
19.020  -0.068
19.025  -0.042
19.030  -0.029
19.035  -0.003
19.040  0.016
19.045  0.035
19.050  0.055
19.055  0.055
19.060  0.068
19.065  0.068
19.070  0.068
19.075  0.074
19.080  0.068
19.085  0.074
19.090  0.087
19.095  0.100
19.100  0.113
19.105  0.119
19.110  0.126
19.115  0.126
19.120  0.113
19.125  -0.029
19.130  0.074
19.135  0.061
19.140  0.042
19.145  0.023
19.150  0.016
19.155  0.003
19.160  -0.003
19.165  -0.016
19.170  -0.016
19.175  -0.042
19.180  -0.048
19.185  -0.074
19.190  -0.100
19.195  -0.119
19.200  -0.139
19.205  -0.152
19.210  -0.165
19.215  -0.165
19.220  -0.165
19.225  -0.165
19.230  -0.158
19.235  -0.152
19.240  -0.145
19.245  -0.132
19.250  -0.132
19.255  -0.126
19.260  -0.113
19.265  -0.035
19.270  -0.094
19.275  -0.074
19.280  -0.048
19.285  -0.016
19.290  0.010
19.295  0.035
19.300  0.055
19.305  0.087
19.310  0.113
19.315  0.126
19.320  0.139
19.325  0.165
19.330  0.171
19.335  0.184
19.340  0.190
19.345  0.197
19.350  0.223
19.355  0.223
19.360  0.235
19.365  0.248
19.370  0.248
19.375  0.235
19.380  0.203
19.385  0.197
19.390  0.171
19.395  0.152
19.400  0.119
19.405  0.074
19.410  0.087
19.415  0.074
19.420  0.055
19.425  0.029
19.430  0.003
19.435  -0.023
19.440  -0.061
19.445  -0.094
19.450  -0.126
19.455  -0.158
19.460  -0.184
19.465  -0.203
19.470  -0.216
19.475  -0.229
19.480  -0.235
19.485  -0.242
19.490  -0.248
19.495  -0.242
19.500  -0.248
19.505  -0.248
19.510  -0.261
19.515  -0.255
19.520  -0.242
19.525  -0.229
19.530  -0.203
19.535  -0.184
19.540  -0.139
19.545  -0.094
19.550  -0.068
19.555  -0.048
19.560  -0.016
19.565  0.010
19.570  0.048
19.575  0.074
19.580  0.113
19.585  0.145
19.590  0.177
19.595  0.203
19.600  0.235
19.605  0.261
19.610  0.287
19.615  0.313
19.620  0.332
19.625  0.352
19.630  0.365
19.635  0.352
19.640  0.352
19.645  0.352
19.650  0.339
19.655  0.313
19.660  0.294
19.665  0.261
19.670  0.248
19.675  0.223
19.680  0.042
19.685  0.165
19.690  0.139
19.695  0.100
19.700  0.061
19.705  0.010
19.710  -0.029
19.715  -0.081
19.720  -0.126
19.725  -0.171
19.730  -0.203
19.735  -0.229
19.740  -0.255
19.745  -0.281
19.750  -0.287
19.755  -0.313
19.760  -0.326
19.765  -0.352
19.770  -0.371
19.775  -0.377
19.780  -0.384
19.785  -0.377
19.790  -0.365
19.795  -0.332
19.800  -0.313
19.805  -0.255
19.810  -0.229
19.815  -0.184
19.820  -0.068
19.825  -0.126
19.830  -0.094
19.835  -0.061
19.840  -0.010
19.845  0.023
19.850  0.074
19.855  0.119
19.860  0.177
19.865  0.229
19.870  0.268
19.875  0.313
19.880  0.352
19.885  0.384
19.890  0.416
19.895  0.416
19.900  0.435
19.905  0.448
19.910  0.455
19.915  0.455
19.920  0.448
19.925  0.442
19.930  0.429
19.935  0.416
19.940  0.416
19.945  0.365
19.950  0.332
19.955  0.287
19.960  0.203
19.965  0.197
19.970  0.152
19.975  0.087
19.980  0.029
19.985  -0.029
19.990  -0.074
19.995  -0.119

