0.000  0.023
0.400  0.015
0.800  0.007
1.200  0.015
1.600  0.023
2.000  -0.001
2.400  -0.009
2.800  -0.001
3.200  -0.025
3.600  -0.001
4.000  -0.009
4.400  -0.001
4.800  0.007
5.200  -0.009
5.600  0.015
6.000  0.015
6.400  -0.001
6.800  -0.001
7.200  -0.017
7.600  -0.017
8.000  -0.009
8.400  -0.001
8.800  -0.001
9.200  -0.001
9.600  0.007
10.000  0.023
10.400  0.023
10.800  0.023
11.200  0.031
11.600  0.007
12.000  -0.001
12.400  -0.001
12.800  -0.001
13.200  0.007
13.600  -0.001
14.000  0.007
14.400  -0.009
14.800  0.007
15.200  0.023
15.600  0.007
16.000  0.015
16.400  0.007
16.800  -0.025
17.200  -0.033
17.600  -0.017
18.000  -0.001
18.400  0.015
18.800  -0.001
19.200  0.007
19.600  0.007
20.000  -0.001
20.400  0.015
20.800  0.023
21.200  0.015
21.600  0.007
22.000  0.015
22.400  0.007
22.800  -0.001
23.200  0.015
23.600  0.007
24.000  0.007
24.400  0.007
24.800  0.007
25.200  0.015
25.600  0.015
26.000  0.007
26.400  -0.001
26.800  -0.001
27.200  -0.009
27.600  0.007
28.000  -0.001
28.400  0.007
28.800  -0.017
29.200  -0.017
29.600  -0.001
30.000  0.007
30.400  0.015
30.800  0.039
31.200  0.023
31.600  0.015
32.000  0.007
32.400  0.015
32.800  0.015
33.200  0.007
33.600  -0.009
34.000  0.007
34.400  0.007
34.800  0.023
35.200  0.007
35.600  0.015
36.000  0.023
36.400  0.007
36.800  -0.001
37.200  -0.009
37.600  -0.001
38.000  0.007
38.400  0.007
38.800  -0.001
39.200  -0.009
39.600  -0.001
40.000  0.015
40.400  -0.001
40.800  0.023
41.200  0.015
41.600  0.007
42.000  0.015
42.400  0.007
42.800  0.007
43.200  0.015
43.600  -0.001
44.000  0.007
44.400  0.007
44.800  -0.001
45.200  0.023
45.600  0.023
46.000  0.023
46.400  0.023
46.800  -0.001
47.200  0.007
47.600  -0.001
48.000  0.015
48.400  0.007
48.800  -0.033
49.200  -0.009
49.600  -0.017
50.000  -0.001
50.400  0.015
50.800  0.015
51.200  0.015
51.600  0.023
52.000  0.015
52.400  0.015
52.800  -0.001
53.200  -0.009
53.600  0.015
54.000  0.015
54.400  0.015
54.800  0.007
55.200  -0.001
55.600  0.015
56.000  0.023
56.400  0.023
56.800  0.015
57.200  -0.009
57.600  -0.009
58.000  -0.009
58.400  -0.009
58.800  -0.017
59.200  -0.025
59.600  -0.001
60.000  -0.001
60.400  0.007
60.800  0.015
61.200  0.007
61.600  0.015
62.000  0.007
62.400  0.007
62.800  0.007
63.200  -0.001
63.600  0.015
64.000  0.015
64.400  -0.009
64.800  0.015
65.200  -0.001
65.600  0.015
66.000  0.047
66.400  0.031
66.800  0.031
67.200  0.007
67.600  0.007
68.000  -0.009
68.400  -0.009
68.800  -0.017
69.200  -0.025
69.600  -0.025
70.000  -0.009
70.400  -0.001
70.800  0.007
71.200  0.007
71.600  0.015
72.000  0.007
72.400  0.007
72.800  -0.009
73.200  -0.001
73.600  0.007
74.000  0.007
74.400  0.015
74.800  -0.009
75.200  0.007
75.600  0.015
76.000  0.023
76.400  0.023
76.800  0.015
77.200  0.007
77.600  -0.025
78.000  -0.025
78.400  -0.025
78.800  -0.025
79.200  -0.033
79.600  -0.017
80.000  -0.025
80.400  -0.017
80.800  -0.001
81.200  0.015
81.600  0.007
82.000  -0.009
82.400  -0.001
82.800  -0.001
83.200  -0.017
83.600  -0.001
84.000  -0.009
84.400  0.007
84.800  -0.009
85.200  0.007
85.600  0.015
86.000  0.023
86.400  0.023
86.800  0.015
87.200  -0.001
87.600  -0.001
88.000  -0.017
88.400  -0.033
88.800  -0.025
89.200  -0.033
89.600  -0.033
90.000  -0.025
90.400  -0.017
90.800  -0.001
91.200  -0.009
91.600  -0.001
92.000  -0.009
92.400  -0.009
92.800  -0.001
93.200  -0.017
93.600  -0.009
94.000  -0.025
94.400  -0.017
94.800  -0.017
95.200  -0.017
95.600  -0.009
96.000  0.007
96.400  -0.001
96.800  0.015
97.200  -0.001
97.600  -0.017
98.000  -0.041
98.400  -0.049
98.800  -0.049
99.200  -0.049
99.600  -0.065
100.000  -0.041
100.400  -0.033
100.800  -0.025
101.200  -0.033
101.600  -0.033
102.000  -0.025
102.400  -0.025
102.800  -0.033
103.200  -0.033
103.600  -0.041
104.000  -0.041
104.400  -0.041
104.800  -0.041
105.200  -0.041
105.600  -0.033
106.000  -0.025
106.400  -0.033
106.800  -0.033
107.200  -0.033
107.600  -0.073
108.000  -0.081
108.400  -0.089
108.800  -0.089
109.200  -0.097
109.600  -0.121
110.000  -0.113
110.400  -0.121
110.800  -0.113
111.200  -0.113
111.600  -0.121
112.000  -0.121
112.400  -0.121
112.800  -0.145
113.200  -0.153
113.600  -0.178
114.000  -0.186
114.400  -0.202
114.800  -0.202
115.200  -0.226
115.600  -0.226
116.000  -0.242
116.400  -0.282
116.800  -0.290
117.200  -0.330
117.600  -0.354
118.000  -0.411
118.400  -0.451
118.800  -0.491
119.200  -0.547
119.600  -0.604
120.000  -0.628
120.400  -0.684
120.800  -0.748
121.200  -0.813
121.600  -0.877
122.000  -0.933
122.400  -1.014
122.800  -1.094
123.200  -1.167
123.600  -1.239
124.000  -1.279
124.400  -1.328
124.800  -1.336
125.200  -1.328
125.600  -1.296
126.000  -1.199
126.400  -1.078
126.800  -0.933
127.200  -0.781
127.600  -0.604
128.000  -0.403
128.400  -0.194
128.800  0.039
129.200  0.248
129.600  0.465
130.000  0.674
130.400  0.875
130.800  1.052
131.200  1.196
131.600  1.341
132.000  1.453
132.400  1.526
132.800  1.582
133.200  1.582
133.600  1.542
134.000  1.501
134.400  1.421
134.800  1.341
135.200  1.237
135.600  1.124
136.000  1.012
136.400  0.907
136.800  0.811
137.200  0.722
137.600  0.626
138.000  0.538
138.400  0.473
138.800  0.409
139.200  0.353
139.600  0.313
140.000  0.281
140.400  0.264
140.800  0.240
141.200  0.224
141.600  0.208
142.000  0.168
142.400  0.144
142.800  0.096
143.200  0.080
143.600  0.056
144.000  0.056
144.400  0.064
144.800  0.072
145.200  0.039
145.600  0.031
146.000  0.039
146.400  0.056
146.800  0.056
147.200  0.056
147.600  0.047
148.000  0.023
148.400  0.015
148.800  0.023
149.200  0.015
149.600  0.007
150.000  -0.001
150.400  -0.001
150.800  0.007
151.200  -0.001
151.600  0.007
152.000  0.015
152.400  0.015
152.800  0.039
153.200  0.023
153.600  0.007
154.000  0.007
154.400  0.007
154.800  0.023
155.200  0.023
155.600  0.007
156.000  0.015
156.400  0.031
156.800  0.039
157.200  0.031
157.600  0.015
158.000  0.023
158.400  0.015
158.800  0.007
159.200  0.007
159.600  -0.001
160.000  0.007
160.400  -0.001
160.800  -0.025
161.200  -0.009
161.600  -0.009
162.000  0.007
162.400  0.023
162.800  -0.001
163.200  0.007
163.600  -0.001
164.000  -0.009
164.400  0.007
164.800  0.007
165.200  -0.001
165.600  -0.017
166.000  -0.009
166.400  0.007
166.800  0.015
167.200  0.039
167.600  0.023
168.000  -0.001
168.400  0.015
168.800  0.023
169.200  0.007
169.600  -0.017
170.000  -0.009
170.400  0.007
170.800  -0.001
171.200  -0.017
171.600  0.007
172.000  -0.001
172.400  0.015
172.800  0.015
173.200  0.007
173.600  -0.001
174.000  -0.001
174.400  -0.001
174.800  0.007
175.200  -0.009
175.600  -0.009
176.000  -0.001
176.400  -0.001
176.800  0.023
177.200  0.023
177.600  0.023
178.000  0.015
178.400  0.015
178.800  0.031
179.200  0.031
179.600  0.023
180.000  0.031
180.400  -0.001
180.800  -0.009
181.200  -0.009
181.600  -0.009
182.000  -0.009
182.400  -0.009
182.800  -0.009
183.200  -0.001
183.600  0.007
184.000  0.015
184.400  -0.001
184.800  0.007
185.200  -0.001
185.600  -0.025
186.000  -0.017
186.400  -0.017
186.800  -0.009
187.200  0.015
187.600  0.031
188.000  0.023
188.400  0.039
188.800  0.023
189.200  0.023
189.600  0.007
190.000  0.015
190.400  0.015
190.800  -0.009
191.200  -0.001
191.600  -0.001
192.000  0.015
192.400  0.007
192.800  0.007
193.200  0.023
193.600  0.007
194.000  0.015
194.400  0.015
194.800  -0.001
195.200  -0.009
195.600  -0.009
196.000  -0.025
196.400  0.015
196.800  0.015
197.200  0.023
197.600  0.031
198.000  0.015
198.400  0.023
198.800  0.023
199.200  0.031
199.600  0.031

