0.000  -0.001
0.400  -0.009
0.800  -0.017
1.200  -0.001
1.600  -0.017
2.000  -0.009
2.400  -0.017
2.800  -0.009
3.200  -0.001
3.600  -0.001
4.000  -0.001
4.400  -0.001
4.800  0.007
5.200  -0.009
5.600  -0.017
6.000  -0.009
6.400  -0.009
6.800  -0.009
7.200  -0.009
7.600  -0.009
8.000  -0.009
8.400  -0.009
8.800  -0.001
9.200  -0.001
9.600  -0.009
10.000  -0.017
10.400  -0.033
10.800  -0.033
11.200  -0.025
11.600  -0.025
12.000  -0.025
12.400  -0.033
12.800  -0.017
13.200  -0.017
13.600  -0.009
14.000  -0.017
14.400  -0.017
14.800  -0.017
15.200  -0.025
15.600  -0.017
16.000  -0.017
16.400  -0.017
16.800  -0.025
17.200  -0.025
17.600  -0.025
18.000  -0.017
18.400  -0.025
18.800  -0.009
19.200  -0.017
19.600  -0.017
20.000  -0.025
20.400  -0.041
20.800  -0.041
21.200  -0.041
21.600  -0.049
22.000  -0.049
22.400  -0.057
22.800  -0.057
23.200  -0.073
23.600  -0.065
24.000  -0.065
24.400  -0.049
24.800  -0.057
25.200  -0.057
25.600  -0.073
26.000  -0.065
26.400  -0.081
26.800  -0.081
27.200  -0.073
27.600  -0.089
28.000  -0.089
28.400  -0.089
28.800  -0.097
29.200  -0.089
29.600  -0.097
30.000  -0.113
30.400  -0.121
30.800  -0.145
31.200  -0.145
31.600  -0.170
32.000  -0.178
32.400  -0.202
32.800  -0.202
33.200  -0.210
33.600  -0.226
34.000  -0.234
34.400  -0.234
34.800  -0.258
35.200  -0.266
35.600  -0.266
36.000  -0.306
36.400  -0.330
36.800  -0.362
37.200  -0.379
37.600  -0.411
38.000  -0.427
38.400  -0.459
38.800  -0.483
39.200  -0.515
39.600  -0.555
40.000  -0.604
40.400  -0.644
40.800  -0.716
41.200  -0.757
41.600  -0.813
42.000  -0.885
42.400  -0.933
42.800  -1.006
43.200  -1.078
43.600  -1.143
44.000  -1.215
44.400  -1.279
44.800  -1.360
45.200  -1.432
45.600  -1.513
46.000  -1.593
46.400  -1.658
46.800  -1.730
47.200  -1.786
47.600  -1.835
48.000  -1.891
48.400  -1.915
48.800  -1.931
49.200  -1.947
49.600  -1.939
50.000  -1.931
50.400  -1.891
50.800  -1.851
51.200  -1.786
51.600  -1.706
52.000  -1.601
52.400  -1.497
52.800  -1.352
53.200  -1.191
53.600  -1.022
54.000  -0.837
54.400  -0.620
54.800  -0.395
55.200  -0.170
55.600  0.056
56.000  0.273
56.400  0.489
56.800  0.714
57.200  0.923
57.600  1.124
58.000  1.333
58.400  1.453
58.800  1.654
59.200  1.790
59.600  1.911
60.000  2.023
60.400  2.095
60.800  2.152
61.200  2.176
61.600  2.208
62.000  2.192
62.400  2.176
62.800  2.128
63.200  2.071
63.600  1.999
64.000  1.919
64.400  1.839
64.800  1.742
65.200  1.654
65.600  1.558
66.000  1.453
66.400  1.349
66.800  1.253
67.200  1.164
67.600  1.076
68.000  0.996
68.400  0.907
68.800  0.835
69.200  0.779
69.600  0.722
70.000  0.650
70.400  0.618
70.800  0.554
71.200  0.506
71.600  0.489
72.000  0.425
72.400  0.409
72.800  0.369
73.200  0.337
73.600  0.313
74.000  0.305
74.400  0.273
74.800  0.248
75.200  0.232
75.600  0.224
76.000  0.208
76.400  0.168
76.800  0.168
77.200  0.168
77.600  0.152
78.000  0.144
78.400  0.128
78.800  0.120
79.200  0.104
79.600  0.096
80.000  0.104
80.400  0.104
80.800  0.112
81.200  0.096
81.600  0.096
82.000  0.080
82.400  0.088
82.800  0.072
83.200  0.064
83.600  0.047
84.000  0.047
84.400  0.047
84.800  0.047
85.200  0.047
85.600  0.047
86.000  0.039
86.400  0.039
86.800  0.039
87.200  0.039
87.600  0.039
88.000  0.031
88.400  0.023
88.800  0.015
89.200  0.015
89.600  0.023
90.000  0.039
90.400  0.039
90.800  0.031
91.200  0.031
91.600  0.039
92.000  0.039
92.400  0.039
92.800  0.039
93.200  0.039
93.600  0.023
94.000  0.023
94.400  0.023
94.800  0.015
95.200  0.015
95.600  0.007
96.000  0.015
96.400  0.015
96.800  -0.001
97.200  0.007
97.600  0.007
98.000  0.015
98.400  0.007
98.800  -0.001
99.200  0.007
99.600  -0.001
100.000  -0.009
100.400  -0.001
100.800  0.007
101.200  0.015
101.600  0.015
102.000  0.023
102.400  0.031
102.800  0.015
103.200  0.015
103.600  0.015
104.000  0.015
104.400  0.007
104.800  0.007
105.200  0.007
105.600  0.007
106.000  0.007
106.400  0.015
106.800  0.007
107.200  0.015
107.600  0.007
108.000  0.015
108.400  0.007
108.800  -0.009
109.200  -0.017
109.600  -0.001
110.000  0.007
110.400  -0.001
110.800  0.015
111.200  0.023
111.600  0.023
112.000  0.015
112.400  0.015
112.800  0.015
113.200  0.023
113.600  0.015
114.000  0.015
114.400  0.015
114.800  0.015
115.200  -0.001
115.600  -0.001
116.000  -0.001
116.400  -0.001
116.800  0.015
117.200  0.007
117.600  0.015
118.000  -0.009
118.400  0.007
118.800  -0.001
119.200  -0.001
119.600  0.007
120.000  -0.009
120.400  -0.017
120.800  -0.001
121.200  -0.001
121.600  0.007
122.000  0.015
122.400  0.015
122.800  0.015
123.200  0.023
123.600  0.023
124.000  0.023
124.400  0.007
124.800  0.007
125.200  0.007
125.600  -0.001
126.000  0.015
126.400  0.015
126.800  0.007
127.200  0.007
127.600  0.007
128.000  0.007
128.400  0.007
128.800  0.007
129.200  0.007
129.600  -0.009
130.000  -0.009
130.400  -0.009
130.800  0.007
131.200  0.007
131.600  -0.001
132.000  -0.001
132.400  0.007
132.800  0.007
133.200  0.023
133.600  0.015
134.000  0.007
134.400  0.007
134.800  0.007
135.200  -0.001
135.600  -0.001
136.000  -0.001
136.400  0.007
136.800  0.007
137.200  0.007
137.600  0.007
138.000  0.007
138.400  0.015
138.800  0.015
139.200  0.007
139.600  0.007
140.000  -0.001
140.400  -0.009
140.800  -0.009
141.200  -0.009
141.600  -0.009
142.000  -0.009
142.400  -0.017
142.800  -0.001
143.200  0.007
143.600  0.023
144.000  0.023
144.400  0.007
144.800  0.015
145.200  0.015
145.600  0.007
146.000  0.007
146.400  0.007
146.800  0.007
147.200  0.007
147.600  0.007
148.000  0.007
148.400  0.007
148.800  0.015
149.200  0.015
149.600  0.007
150.000  -0.001
150.400  -0.001
150.800  -0.017
151.200  -0.017
151.600  -0.025
152.000  -0.009
152.400  -0.017
152.800  -0.009
153.200  -0.001
153.600  0.007
154.000  0.007
154.400  0.015
154.800  0.007
155.200  0.007
155.600  -0.001
156.000  0.007
156.400  -0.001
156.800  0.007
157.200  -0.001
157.600  -0.001
158.000  0.015
158.400  0.007
158.800  0.015
159.200  0.015
159.600  0.015
160.000  0.015
160.400  0.007
160.800  -0.009
161.200  -0.001
161.600  -0.001
162.000  -0.001
162.400  -0.009
162.800  -0.009
163.200  -0.001
163.600  -0.001
164.000  -0.001
164.400  0.015
164.800  0.007
165.200  0.007
165.600  -0.001
166.000  0.007
166.400  0.007
166.800  -0.009
167.200  -0.001
167.600  0.007
168.000  -0.001
168.400  0.015
168.800  0.015
169.200  0.015
169.600  0.015
170.000  0.007
170.400  0.015
170.800  -0.009
171.200  -0.009
171.600  -0.001
172.000  -0.009
172.400  -0.017
172.800  -0.017
173.200  -0.017
173.600  -0.009
174.000  -0.009
174.400  0.015
174.800  -0.001
175.200  -0.001
175.600  -0.001
176.000  -0.001
176.400  0.007
176.800  -0.009
177.200  -0.009
177.600  -0.001
178.000  -0.001
178.400  0.007
178.800  0.007
179.200  0.023
179.600  0.031
180.000  0.015
180.400  0.015
180.800  -0.001
181.200  0.007
181.600  0.007
182.000  -0.001
182.400  -0.017
182.800  -0.009
183.200  -0.017
183.600  -0.009
184.000  -0.009
184.400  -0.001
184.800  -0.001
185.200  0.015
185.600  0.007
186.000  -0.001
186.400  -0.001
186.800  -0.001
187.200  -0.001
187.600  0.007
188.000  -0.009
188.400  -0.009
188.800  0.015
189.200  0.015
189.600  0.015
190.000  0.015
190.400  0.007
190.800  -0.001
191.200  -0.001
191.600  -0.001
192.000  -0.001
192.400  -0.017
192.800  -0.009
193.200  -0.001
193.600  -0.025
194.000  -0.009
194.400  -0.009
194.800  -0.001
195.200  -0.001
195.600  -0.001
196.000  -0.001
196.400  -0.001
196.800  -0.009
197.200  -0.001
197.600  -0.009
198.000  -0.001
198.400  -0.001
198.800  -0.009
199.200  -0.009
199.600  -0.001

