0.000  -0.001
0.400  -0.001
0.800  0.007
1.200  -0.001
1.600  0.007
2.000  0.007
2.400  0.007
2.800  0.007
3.200  0.007
3.600  0.007
4.000  0.007
4.400  -0.001
4.800  -0.001
5.200  -0.001
5.600  -0.001
6.000  -0.001
6.400  -0.001
6.800  -0.001
7.200  -0.001
7.600  -0.001
8.000  -0.001
8.400  0.007
8.800  -0.001
9.200  -0.001
9.600  -0.001
10.000  -0.001
10.400  -0.009
10.800  -0.009
11.200  -0.001
11.600  0.007
12.000  0.015
12.400  0.007
12.800  0.007
13.200  0.015
13.600  0.007
14.000  -0.001
14.400  -0.001
14.800  -0.001
15.200  0.007
15.600  -0.001
16.000  -0.001
16.400  -0.001
16.800  0.007
17.200  -0.001
17.600  0.007
18.000  -0.001
18.400  0.007
18.800  0.015
19.200  -0.001
19.600  -0.009
20.000  -0.009
20.400  -0.009
20.800  -0.001
21.200  -0.001
21.600  0.007
22.000  0.007
22.400  -0.001
22.800  0.007
23.200  0.007
23.600  0.007
24.000  0.015
24.400  0.007
24.800  0.015
25.200  0.007
25.600  -0.001
26.000  0.007
26.400  -0.001
26.800  0.007
27.200  0.007
27.600  -0.001
28.000  0.007
28.400  -0.001
28.800  -0.001
29.200  0.007
29.600  -0.001
30.000  -0.001
30.400  -0.001
30.800  -0.009
31.200  -0.009
31.600  -0.001
32.000  -0.001
32.400  -0.001
32.800  0.007
33.200  0.007
33.600  0.015
34.000  0.015
34.400  0.015
34.800  0.007
35.200  0.007
35.600  -0.001
36.000  -0.001
36.400  -0.001
36.800  0.007
37.200  0.007
37.600  0.007
38.000  0.007
38.400  0.007
38.800  0.007
39.200  0.007
39.600  0.007
40.000  -0.001
40.400  -0.009
40.800  -0.009
41.200  -0.009
41.600  -0.009
42.000  -0.001
42.400  -0.001
42.800  -0.001
43.200  -0.001
43.600  -0.001
44.000  0.007
44.400  0.007
44.800  0.015
45.200  -0.001
45.600  0.007
46.000  -0.001
46.400  0.007
46.800  -0.001
47.200  0.007
47.600  -0.001
48.000  0.007
48.400  0.007
48.800  0.007
49.200  0.007
49.600  0.007
50.000  0.007
50.400  -0.001
50.800  -0.001
51.200  -0.001
51.600  -0.009
52.000  -0.017
52.400  -0.009
52.800  -0.009
53.200  -0.001
53.600  -0.001
54.000  -0.001
54.400  0.007
54.800  0.007
55.200  -0.001
55.600  -0.001
56.000  -0.001
56.400  0.007
56.800  -0.001
57.200  -0.009
57.600  -0.001
58.000  -0.001
58.400  -0.001
58.800  -0.001
59.200  -0.001
59.600  0.007
60.000  0.007
60.400  0.007
60.800  -0.001
61.200  -0.009
61.600  -0.009
62.000  -0.009
62.400  -0.009
62.800  -0.009
63.200  -0.009
63.600  -0.009
64.000  -0.009
64.400  -0.001
64.800  -0.001
65.200  -0.009
65.600  -0.009
66.000  -0.009
66.400  -0.001
66.800  -0.009
67.200  -0.001
67.600  -0.009
68.000  -0.009
68.400  -0.009
68.800  -0.009
69.200  -0.001
69.600  -0.009
70.000  -0.009
70.400  -0.001
70.800  -0.009
71.200  -0.009
71.600  -0.025
72.000  -0.025
72.400  -0.033
72.800  -0.033
73.200  -0.033
73.600  -0.033
74.000  -0.033
74.400  -0.033
74.800  -0.033
75.200  -0.041
75.600  -0.041
76.000  -0.049
76.400  -0.057
76.800  -0.049
77.200  -0.057
77.600  -0.065
78.000  -0.073
78.400  -0.081
78.800  -0.081
79.200  -0.089
79.600  -0.089
80.000  -0.097
80.400  -0.105
80.800  -0.121
81.200  -0.137
81.600  -0.162
82.000  -0.186
82.400  -0.202
82.800  -0.226
83.200  -0.250
83.600  -0.290
84.000  -0.322
84.400  -0.362
84.800  -0.411
85.200  -0.475
85.600  -0.523
86.000  -0.604
86.400  -0.684
86.800  -0.781
87.200  -0.893
87.600  -1.022
88.000  -1.167
88.400  -1.336
88.800  -1.521
89.200  -1.730
89.600  -1.947
90.000  -2.181
90.400  -2.414
90.800  -2.664
91.200  -2.857
91.600  -3.027
92.000  -3.115
92.400  -3.139
92.800  -3.067
93.200  -2.898
93.600  -2.624
94.000  -2.253
94.400  -1.803
94.800  -1.287
95.200  -0.724
95.600  -0.137
96.000  0.425
96.400  1.020
96.800  1.542
97.200  2.007
97.600  2.384
98.000  2.681
98.400  2.890
98.800  3.002
99.200  3.034
99.600  2.994
100.000  2.882
100.400  2.721
100.800  2.537
101.200  2.312
101.600  2.095
102.000  1.863
102.400  1.662
102.800  1.453
103.200  1.293
103.600  1.140
104.000  0.996
104.400  0.875
104.800  0.771
105.200  0.690
105.600  0.602
106.000  0.530
106.400  0.473
106.800  0.425
107.200  0.369
107.600  0.329
108.000  0.305
108.400  0.264
108.800  0.232
109.200  0.208
109.600  0.168
110.000  0.168
110.400  0.160
110.800  0.152
111.200  0.144
111.600  0.136
112.000  0.120
112.400  0.104
112.800  0.096
113.200  0.088
113.600  0.072
114.000  0.064
114.400  0.056
114.800  0.056
115.200  0.056
115.600  0.039
116.000  0.039
116.400  0.039
116.800  0.039
117.200  0.039
117.600  0.031
118.000  0.031
118.400  0.023
118.800  0.023
119.200  0.023
119.600  0.023
120.000  0.023
120.400  0.023
120.800  0.023
121.200  0.023
121.600  -0.009
122.000  -0.001
122.400  -0.001
122.800  -0.001
123.200  0.007
123.600  -0.001
124.000  -0.009
124.400  -0.009
124.800  -0.009
125.200  -0.009
125.600  -0.001
126.000  -0.001
126.400  -0.001
126.800  -0.001
127.200  -0.001
127.600  -0.001
128.000  -0.001
128.400  -0.001
128.800  -0.001
129.200  -0.001
129.600  -0.001
130.000  -0.009
130.400  -0.001
130.800  0.007
131.200  0.015
131.600  0.015
132.000  0.015
132.400  0.015
132.800  0.015
133.200  0.015
133.600  0.015
134.000  0.007
134.400  0.007
134.800  0.015
135.200  0.007
135.600  0.007
136.000  0.007
136.400  0.007
136.800  0.007
137.200  0.007
137.600  0.015
138.000  0.015
138.400  0.015
138.800  0.015
139.200  0.007
139.600  0.007
140.000  0.015
140.400  0.015
140.800  0.023
141.200  0.023
141.600  0.031
142.000  0.031
142.400  0.031
142.800  0.031
143.200  0.031
143.600  0.031
144.000  0.023
144.400  0.023
144.800  0.015
145.200  0.015
145.600  0.015
146.000  0.015
146.400  0.007
146.800  0.015
147.200  0.015
147.600  0.015
148.000  0.015
148.400  0.015
148.800  0.015
149.200  0.015
149.600  0.007
150.000  0.015
150.400  0.007
150.800  0.007
151.200  0.007
151.600  0.015
152.000  0.015
152.400  0.031
152.800  0.023
153.200  0.015
153.600  0.023
154.000  0.023
154.400  0.015
154.800  0.015
155.200  0.015
155.600  0.015
156.000  0.015
156.400  0.023
156.800  0.015
157.200  0.007
157.600  0.007
158.000  -0.001
158.400  -0.001
158.800  -0.009
159.200  -0.009
159.600  -0.017
160.000  -0.017
160.400  -0.017
160.800  -0.009
161.200  -0.009
161.600  -0.001
162.000  -0.001
162.400  -0.009
162.800  -0.009
163.200  -0.009
163.600  -0.009
164.000  -0.009
164.400  -0.001
164.800  -0.001
165.200  -0.009
165.600  -0.009
166.000  -0.009
166.400  -0.009
166.800  -0.009
167.200  -0.009
167.600  -0.001
168.000  -0.001
168.400  -0.009
168.800  -0.009
169.200  -0.001
169.600  -0.009
170.000  -0.009
170.400  -0.009
170.800  -0.009
171.200  -0.017
171.600  -0.009
172.000  -0.009
172.400  -0.009
172.800  -0.001
173.200  -0.001
173.600  -0.001
174.000  0.007
174.400  -0.009
174.800  -0.001
175.200  -0.009
175.600  -0.009
176.000  -0.009
176.400  -0.009
176.800  -0.001
177.200  -0.009
177.600  -0.009
178.000  -0.009
178.400  -0.009
178.800  -0.001
179.200  -0.001
179.600  -0.009
180.000  -0.017
180.400  -0.017
180.800  -0.017
181.200  -0.009
181.600  -0.009
182.000  -0.009
182.400  -0.009
182.800  -0.009
183.200  -0.009
183.600  -0.001
184.000  -0.009
184.400  -0.001
184.800  -0.001
185.200  -0.001
185.600  -0.001
186.000  -0.001
186.400  -0.009
186.800  -0.001
187.200  -0.001
187.600  -0.001
188.000  -0.001
188.400  -0.001
188.800  -0.001
189.200  -0.001
189.600  -0.001
190.000  -0.001
190.400  -0.009
190.800  -0.001
191.200  -0.009
191.600  -0.009
192.000  -0.009
192.400  -0.009
192.800  -0.009
193.200  -0.009
193.600  -0.009
194.000  0.007
194.400  -0.001
194.800  0.007
195.200  0.007
195.600  -0.001
196.000  -0.001
196.400  -0.001
196.800  -0.001
197.200  -0.001
197.600  -0.001
198.000  -0.001
198.400  0.007
198.800  0.007
199.200  0.007
199.600  0.007

