0.007  -0.006
0.035  0.015
0.054  0.044
0.069  0.081
0.080  0.119
0.089  0.162
0.096  0.204
0.102  0.248
0.108  0.291
0.114  0.337
0.119  0.380
0.124  0.426
0.129  0.471
0.134  0.517
0.138  0.561
0.143  0.608
0.148  0.652
0.153  0.698
0.158  0.742
0.164  0.787
0.171  0.829
0.178  0.871
0.186  0.914
0.196  0.953
0.210  0.990
0.229  1.020
0.259  1.042
0.300  1.049
0.349  1.052
0.397  1.053
0.447  1.053
0.495  1.054
0.546  1.055
0.594  1.055
0.645  1.055
0.694  1.056
0.744  1.057
0.792  1.058
0.843  1.058
0.892  1.058
0.943  1.058
0.993  1.057
1.038  1.061
1.088  1.062
1.136  1.063
1.189  1.061
1.236  1.063
1.289  1.062
1.336  1.064
1.386  1.065
1.435  1.064
1.485  1.065
1.535  1.065
1.586  1.065
1.633  1.066
1.686  1.065
1.733  1.067
1.785  1.066
1.832  1.068
1.882  1.070
1.931  1.069
1.980  1.069
2.029  1.071
2.079  1.070
2.130  1.070
2.178  1.071
2.229  1.071
2.278  1.071
2.329  1.071
2.377  1.072
2.428  1.073
2.476  1.073
2.527  1.074
2.577  1.072
2.627  1.074
2.674  1.076
2.725  1.076
2.773  1.077
2.824  1.077
2.873  1.077
2.920  1.078
2.972  1.078
3.022  1.077
3.071  1.079
3.120  1.079
3.172  1.078
3.220  1.080
3.272  1.079
3.320  1.080
3.371  1.080
3.419  1.080
3.468  1.083
3.517  1.082
3.565  1.086
3.616  1.083
3.668  1.083
3.717  1.083
3.768  1.083
3.817  1.083
3.868  1.083
3.916  1.084

0.008  -0.006
0.031  0.019
0.048  0.051
0.061  0.089
0.070  0.129
0.077  0.173
0.084  0.216
0.089  0.261
0.094  0.305
0.099  0.351
0.103  0.396
0.107  0.443
0.111  0.489
0.114  0.536
0.117  0.582
0.121  0.630
0.124  0.675
0.128  0.724
0.130  0.769
0.134  0.817
0.137  0.863
0.139  0.909
0.143  0.957
0.146  1.003
0.149  1.051
0.152  1.097
0.156  1.145
0.159  1.190
0.162  1.238
0.167  1.283
0.171  1.330
0.175  1.374
0.180  1.420
0.186  1.464
0.193  1.508
0.200  1.550
0.210  1.591
0.222  1.628
0.240  1.661
0.267  1.683
0.307  1.694
0.353  1.697
0.398  1.701
0.447  1.703
0.494  1.705
0.545  1.705
0.593  1.706
0.644  1.706
0.691  1.708
0.742  1.709
0.789  1.711
0.840  1.710
0.888  1.712
0.939  1.712
0.987  1.713
1.035  1.715
1.085  1.714
1.137  1.714
1.183  1.717
1.233  1.718
1.280  1.720
1.328  1.721
1.379  1.721
1.428  1.721
1.477  1.723
1.527  1.722
1.578  1.723
1.625  1.724
1.676  1.724
1.724  1.725
1.776  1.725
1.825  1.724
1.874  1.727
1.924  1.725
1.974  1.727
2.019  1.731
2.071  1.730
2.118  1.732
2.170  1.731
2.218  1.732
2.265  1.734
2.317  1.733
2.364  1.734
2.416  1.734
2.464  1.735
2.515  1.735
2.562  1.737
2.613  1.737
2.662  1.737
2.714  1.737
2.761  1.738
2.810  1.741
2.859  1.741
2.909  1.742
2.958  1.741
3.009  1.742
3.057  1.743
3.108  1.743
3.156  1.744
3.207  1.744
3.254  1.746

0.009  -0.007
0.029  0.021
0.043  0.055
0.055  0.095
0.063  0.136
0.070  0.180
0.076  0.224
0.081  0.269
0.086  0.314
0.090  0.361
0.093  0.406
0.097  0.453
0.100  0.500
0.103  0.547
0.106  0.593
0.109  0.642
0.112  0.688
0.114  0.737
0.117  0.783
0.120  0.832
0.122  0.878
0.124  0.925
0.126  0.974
0.129  1.020
0.131  1.069
0.133  1.116
0.136  1.165
0.138  1.212
0.140  1.260
0.142  1.307
0.145  1.356
0.147  1.402
0.150  1.451
0.152  1.498
0.154  1.546
0.157  1.593
0.160  1.641
0.162  1.687
0.165  1.736
0.168  1.782
0.171  1.830
0.175  1.875
0.178  1.921
0.181  1.969
0.186  2.013
0.190  2.060
0.196  2.103
0.202  2.149
0.208  2.191
0.217  2.234
0.227  2.272
0.242  2.308
0.264  2.336
0.295  2.355
0.336  2.363
0.383  2.368
0.432  2.368
0.480  2.371
0.529  2.371
0.575  2.376
0.623  2.377
0.670  2.379
0.718  2.383
0.767  2.382
0.818  2.383
0.865  2.384
0.915  2.385
0.963  2.386
1.014  2.386
1.061  2.388
1.112  2.389
1.159  2.390
1.209  2.392
1.259  2.391
1.308  2.393
1.353  2.397
1.406  2.395
1.450  2.400
1.503  2.398
1.549  2.401
1.600  2.399
1.648  2.402
1.697  2.402
1.748  2.402
1.794  2.405
1.844  2.406
1.893  2.406
1.944  2.406
1.991  2.408
2.042  2.408
2.090  2.409
2.138  2.413
2.187  2.413
2.236  2.415
2.284  2.415
2.334  2.417
2.383  2.417
2.434  2.417
2.482  2.418
2.533  2.418
2.580  2.420

0.009  -0.008
0.027  0.023
0.040  0.059
0.050  0.100
0.058  0.141
0.064  0.186
0.070  0.230
0.075  0.275
0.079  0.320
0.083  0.368
0.087  0.413
0.090  0.461
0.093  0.507
0.096  0.555
0.099  0.601
0.101  0.650
0.103  0.696
0.106  0.745
0.108  0.792
0.110  0.841
0.113  0.887
0.114  0.934
0.116  0.984
0.118  1.031
0.120  1.080
0.122  1.127
0.124  1.176
0.126  1.223
0.128  1.273
0.130  1.320
0.132  1.369
0.134  1.416
0.135  1.465
0.137  1.513
0.139  1.562
0.141  1.609
0.143  1.658
0.145  1.705
0.146  1.755
0.148  1.802
0.150  1.851
0.152  1.898
0.154  1.945
0.156  1.994
0.158  2.041
0.160  2.090
0.162  2.137
0.165  2.186
0.167  2.232
0.170  2.281
0.172  2.327
0.175  2.376
0.177  2.422
0.181  2.470
0.184  2.516
0.187  2.564
0.191  2.609
0.194  2.657
0.199  2.700
0.204  2.747
0.210  2.790
0.216  2.833
0.224  2.876
0.234  2.915
0.247  2.953
0.264  2.985
0.289  3.011
0.323  3.026
0.367  3.033
0.412  3.037
0.461  3.039
0.508  3.042
0.557  3.044
0.603  3.046
0.653  3.048
0.697  3.052
0.746  3.055
0.794  3.055
0.844  3.057
0.891  3.059
0.938  3.061
0.988  3.062
1.036  3.063
1.085  3.065
1.132  3.067
1.182  3.068
1.231  3.068
1.281  3.070
1.328  3.072
1.378  3.072
1.426  3.073
1.473  3.078
1.522  3.078
1.571  3.080
1.618  3.082
1.669  3.082
1.717  3.083
1.766  3.085
1.814  3.085
1.864  3.087
1.911  3.089

0.007  -0.005
0.039  0.011
0.064  0.035
0.084  0.067
0.097  0.102
0.109  0.141
0.120  0.179
0.130  0.220
0.140  0.259
0.151  0.299
0.163  0.337
0.178  0.373
0.197  0.403
0.226  0.425
0.265  0.434
0.315  0.436
0.363  0.437
0.414  0.437
0.462  0.438
0.514  0.437
0.562  0.438
0.611  0.438
0.661  0.439
0.710  0.439
0.759  0.441
0.808  0.441
0.859  0.441
0.908  0.441
0.959  0.441
1.008  0.441
1.059  0.442
1.108  0.442
1.158  0.443
1.207  0.442
1.258  0.443
1.308  0.442
1.358  0.443
1.408  0.442
1.458  0.443
1.508  0.442
1.558  0.443
1.609  0.441
1.654  0.444
1.705  0.445
1.754  0.445
1.805  0.445
1.854  0.445
1.906  0.445
1.953  0.446
2.006  0.445
2.054  0.445
2.106  0.445
2.155  0.445
2.204  0.447
2.255  0.445
2.305  0.446
2.353  0.447
2.403  0.448
2.454  0.446
2.502  0.449
2.552  0.448
2.600  0.448
2.651  0.449
2.701  0.448
2.752  0.448
2.800  0.449
2.851  0.449
2.900  0.449
2.952  0.449
3.003  0.447
3.051  0.449
3.100  0.450
3.151  0.449
3.200  0.449
3.252  0.449
3.298  0.451
3.348  0.453
3.399  0.451
3.450  0.452
3.498  0.451
3.546  0.452
3.600  0.451
3.645  0.454
3.699  0.451
3.747  0.452
3.798  0.453
3.848  0.451
3.899  0.452
3.948  0.452
3.998  0.452
4.047  0.453
4.096  0.454
4.146  0.454
4.195  0.456
4.247  0.453
4.295  0.456
4.345  0.455
4.395  0.456
4.447  0.453
4.496  0.456
4.543  0.457

